(0<=boson_pt&&boson_pt<20)	0.837882204547	0.0299731806434	24.9332355862	0.126061001366	24.2426403118	0.122566287832	-0.0084903792307	0.0292789132498
(20<=boson_pt&&boson_pt<40)	1.11823427394	0.00514790957745	22.3744836774	0.104152268794	20.9514257525	0.0975279947487	0.00286959808843	0.00486060814371
(40<=boson_pt&&boson_pt<60)	1.0889382923	0.00253764876774	21.0384868935	0.0874664626172	18.928749611	0.0786942489228	-0.0050819436397	0.00227668335972
(60<=boson_pt&&boson_pt<80)	1.04655648566	0.00196171146269	20.9693974997	0.095278306695	18.1296435192	0.0823753632178	0.00215685253424	0.00169889210157
(80<=boson_pt&&boson_pt<100)	1.02283643403	0.00207255880766	21.7797285168	0.130069950043	18.2305584421	0.108874076368	-0.00224234543613	0.0017389826263
(100<=boson_pt&&boson_pt<120)	1.01830395323	0.00238208015375	22.4522606161	0.183196192337	18.1654567188	0.148218594102	-0.000305936932316	0.00192831367232
(120<=boson_pt&&boson_pt<160)	1.01412007875	0.00223502544469	24.316824507	0.213537462716	18.4444936935	0.161969766376	0.00133200805031	0.00169746271607
(160<=boson_pt&&boson_pt<200)	1.0157913097	0.00314614315636	25.8029590627	0.392625041724	18.7001324342	0.284546445211	0.00144725631567	0.00229320053377
(200<=boson_pt&&boson_pt<300)	1.01403169747	0.00332734340024	28.902693905	0.548491445157	18.1088792688	0.343655348977	-0.00112102147045	0.00211013559833
(300<=boson_pt)	1.01506191585	0.00502581272024	33.839217809	1.23362828765	19.8806992012	0.72268642501	0.00124711135872	0.00290623128503
