(0<=boson_pt&&boson_pt<20)	0.577538038529	0.00197547629077	16.5846012341	0.00657775760979	16.0844064101	0.00637937115097	-0.000876752008891	0.0019573338233
(20<=boson_pt&&boson_pt<40)	0.826421511892	0.000815770959765	18.4993759358	0.0151821754726	16.9116988954	0.013879191442	8.62416996234e-08	0.000749276600963
(40<=boson_pt&&boson_pt<60)	0.851866480593	0.00139233955975	20.4207013163	0.0459438830001	17.5353530441	0.0394522301729	1.59343409828e-05	0.00120161500829
(60<=boson_pt&&boson_pt<80)	0.908954381507	0.00264319536681	22.6573025886	0.125943182279	18.1703707379	0.101002063462	-0.002201130287	0.00212325426968
(80<=boson_pt&&boson_pt<100)	0.945038272773	0.00393954213942	23.6044674008	0.245118267727	18.7324392665	0.194525171245	-0.00297957772855	0.00311986049746
(100<=boson_pt&&boson_pt<120)	0.959798506546	0.00574822972979	26.0708905211	0.440422342331	18.9104124244	0.319458521283	-0.00100409242738	0.00417759179098
(120<=boson_pt&&boson_pt<160)	0.977676135501	0.00551826675281	25.6793440937	0.524184461398	19.4118356162	0.39624776085	-0.00395910400687	0.00414715561246
(160<=boson_pt&&boson_pt<200)	0.982656998363	0.00966819141736	29.1636523682	1.21642716783	19.152792375	0.79887034349	-0.00177309240772	0.00636957616574
(200<=boson_pt&&boson_pt<300)	0.977532160663	0.0112071264525	32.2332905111	1.85047909629	20.4703561367	1.17518148237	0.000411007648606	0.00729220590983
(300<=boson_pt)	1.0464304222	0.0216471020837	34.0846325899	5.18149257737	18.3490408354	2.78939251112	0.00233142023183	0.0113521520042
