(0<=boson_pt&&boson_pt<20)	0.948764118933	0.0123868373545	26.2012436547	0.0565810538036	25.6629032417	0.0554180017448	-0.00192366716912	0.0123142280658
(20<=boson_pt&&boson_pt<40)	1.1591212263	0.00171789111178	20.5889688642	0.0343153293906	20.1773476806	0.0336296601352	0.00343801495144	0.00168051598842
(40<=boson_pt&&boson_pt<60)	1.04994054117	0.0010101170763	20.0578831353	0.0346262277141	18.6463338592	0.032189448801	0.000579587391839	0.000944288159721
(60<=boson_pt&&boson_pt<80)	1.00635866624	0.00102275393434	21.5672778467	0.0494272471641	18.678789397	0.0428074950774	0.000509942962598	0.000889171380605
(80<=boson_pt&&boson_pt<100)	0.997738415796	0.00121169141871	23.1578348386	0.0755397617585	18.7380079061	0.061120544387	-3.4025541579e-05	0.000979562054569
(100<=boson_pt&&boson_pt<120)	0.990975877117	0.00154803675157	25.2818329905	0.118147146323	19.197231734	0.0897106082673	0.00233936413749	0.00117083582207
(120<=boson_pt&&boson_pt<160)	1.0004987877	0.00142398679312	25.8566684787	0.135604023142	19.3017456859	0.101224269642	-0.000774973909429	0.00106061153158
(160<=boson_pt&&boson_pt<200)	1.00548563902	0.00211364416514	27.9955842633	0.259910069287	19.2710563359	0.178881009816	-0.000405576775711	0.00143395277163
(200<=boson_pt&&boson_pt<300)	1.00778081034	0.00241972432891	31.1425096453	0.380523108655	18.6509444775	0.227755595058	0.00105905839277	0.0014158131602
(300<=boson_pt)	1.00631739277	0.00420704372535	38.0043907204	1.01498533542	20.7133011889	0.552403803113	0.00342279028141	0.00215665073219
