(0<=boson_pt&&boson_pt<20)	0.568294775842	0.00318874992098	16.2470370714	0.0104746574837	15.7448263201	0.0101508762563	-0.000579371973836	0.00317027545072
(20<=boson_pt&&boson_pt<40)	0.88595298294	0.00130570713122	18.419532481	0.0246122724565	16.7933842046	0.0224394049055	-0.000578515722506	0.00119299119395
(40<=boson_pt&&boson_pt<60)	0.92735226446	0.00175926377203	19.3987372966	0.058339776905	17.2967851937	0.0520183645949	-0.000870158583948	0.00157037755422
(60<=boson_pt&&boson_pt<80)	0.927026890604	0.00305881906844	20.976686237	0.145049893466	17.6492179141	0.122041067368	0.00173125713957	0.0025723501432
(80<=boson_pt&&boson_pt<100)	0.945303316939	0.00529736669505	23.2683359953	0.328890699207	18.040298876	0.254994019015	-0.00630290747775	0.00411324594589
(100<=boson_pt&&boson_pt<120)	0.943806928095	0.00799756878494	24.449274808	0.606796844333	17.2279441732	0.427573506402	0.00661334756674	0.00561884801255
(120<=boson_pt&&boson_pt<160)	0.96762427167	0.00941560569252	27.1778050987	0.893089319659	18.6579994396	0.613120153199	-0.00699949172916	0.00651887434681
(160<=boson_pt&&boson_pt<200)	0.976782436245	0.0186150039506	30.2343629399	2.30090579116	21.1254740987	1.60769802861	-0.00871659766278	0.013013784763
(200<=boson_pt&&boson_pt<300)	0.988993730192	0.017612558729	28.6279610107	2.75814299614	19.3434326949	1.86363092324	0.00534277832945	0.0114884170301
(300<=boson_pt)	0.834386050139	0.209901287358	41.5658436663	44.9645546314	40.2535933549	43.5450056552	0.0707222267107	0.157897776107
