(0<=boson_pt&&boson_pt<20)	1.09614442397	0.00724237547274	23.4344571647	0.0374425929327	23.0138159498	0.0367706039083	-0.00433163074872	0.00722928910734
(20<=boson_pt&&boson_pt<40)	1.14108405532	0.00101108071499	20.2963669999	0.0205881511071	19.7613251334	0.0200453555081	0.000695438422058	0.000983809249437
(40<=boson_pt&&boson_pt<60)	1.0262137807	0.000612080386828	20.5378261939	0.02098563165	18.9010591482	0.0193132976282	0.000716275898297	0.00056707762401
(60<=boson_pt&&boson_pt<80)	0.991085128428	0.000628290650353	22.3502898265	0.0303220465793	19.1903094362	0.026034601487	0.00110634726019	0.000539699831347
(80<=boson_pt&&boson_pt<100)	0.986798208944	0.000749200490705	24.185029719	0.0467326337728	19.5591598456	0.03779309662	0.000627263023762	0.000606293209926
(100<=boson_pt&&boson_pt<120)	0.99075373043	0.000912482498414	25.5590669174	0.0698319522698	19.6879795366	0.0537898845764	0.00163531749439	0.000705783325191
(120<=boson_pt&&boson_pt<160)	1.00073954242	0.000861714957183	27.0152707747	0.0817916354203	19.7508786191	0.0597918789742	0.000802694254362	0.00062775569879
(160<=boson_pt&&boson_pt<200)	1.00850013222	0.00121282715575	28.7315167245	0.150218987387	19.413490146	0.101495352116	-0.000817833444394	0.000821284020556
(200<=boson_pt&&boson_pt<300)	1.00752444171	0.00131815429132	30.9369160851	0.210158792103	19.8746717293	0.13494293949	-0.000428057730306	0.000834953214026
(300<=boson_pt)	1.00559942383	0.00236598947149	36.6525491978	0.521378135713	19.414135738	0.27527398584	6.04561296283e-05	0.00111426539028
