(0<=boson_pt&&boson_pt<20)	1.02349110512	0.0142200413354	23.2632954136	0.0668979070435	22.6856927906	0.0652369473991	0.00474260433846	0.0141363595276
(20<=boson_pt&&boson_pt<40)	1.15580599873	0.00172142656164	19.7020688813	0.0356055802773	19.2314656192	0.0347551060287	-0.00143377309197	0.00168289929318
(40<=boson_pt&&boson_pt<60)	1.03925409722	0.00107768892726	19.963800162	0.0369280784495	18.3449785167	0.0339336599404	0.000110665844703	0.000995786787039
(60<=boson_pt&&boson_pt<80)	1.01243279975	0.00113795482947	21.473226689	0.0549302438757	18.2295136949	0.0466322832825	-0.000369579758488	0.000972376473896
(80<=boson_pt&&boson_pt<100)	1.01005272715	0.00133148372842	22.700592627	0.0832130462332	18.3938076744	0.0674257625591	0.000943284138986	0.00108101768107
(100<=boson_pt&&boson_pt<120)	1.00908630576	0.0016077646144	23.6211659888	0.123222364735	18.5247464095	0.0966363413127	-0.00236713339161	0.00126745652097
(120<=boson_pt&&boson_pt<160)	1.01188544543	0.00147924223718	24.7412354248	0.141347999295	18.3034373269	0.10456851495	-0.000244084875691	0.00109609491095
(160<=boson_pt&&boson_pt<200)	1.01451919483	0.00203549955332	26.1924157884	0.253216876291	18.5999728081	0.179816441966	0.00114185697534	0.00144593156358
(200<=boson_pt&&boson_pt<300)	1.01485465452	0.00204568448992	28.0357926032	0.337383257626	19.0712223426	0.22950344982	0.000608853268139	0.00140848961959
(300<=boson_pt)	1.01374782903	0.00329746703204	34.0001646194	0.847728797019	18.7145440263	0.466494986318	-0.00138931475155	0.00185512083623
