(0<=boson_pt&&boson_pt<20)	0.582343152039	0.00199967238362	16.8530386538	0.00669558399763	16.3524534639	0.00649670531134	0.00426200435627	0.00198638886436
(20<=boson_pt&&boson_pt<40)	0.8298016453	0.000832343147161	18.7165917438	0.0154714091865	17.1395792327	0.0141678275202	-0.00012939620696	0.000765852909955
(40<=boson_pt&&boson_pt<60)	0.851314903149	0.00144779128868	20.6561282357	0.0476867385947	17.7932795489	0.0410775659848	-0.000466805398293	0.00125215372562
(60<=boson_pt&&boson_pt<80)	0.902268473062	0.00269817604829	22.8359435018	0.128817913048	18.3284781464	0.103391230757	0.00090835213674	0.00217610888885
(80<=boson_pt&&boson_pt<100)	0.946830012764	0.00407627095212	24.121219779	0.253352031906	18.1683619584	0.190827473102	-0.001984070727	0.0030834951121
(100<=boson_pt&&boson_pt<120)	0.963355861609	0.00542715370556	24.7644454457	0.415381538523	18.9854229753	0.318448245582	0.00065449286806	0.00418198987202
(120<=boson_pt&&boson_pt<160)	0.974683418932	0.00569594957483	26.3537679146	0.539778319146	18.891964042	0.38694552631	0.00209522379371	0.00409882272384
(160<=boson_pt&&boson_pt<200)	0.98842215777	0.00948193711784	28.3324939705	1.18268526922	18.2022620547	0.759818292771	-0.00594145967908	0.00611803530515
(200<=boson_pt&&boson_pt<300)	0.986472768347	0.0115669322779	28.4374957918	1.95051829033	17.4089029875	1.19407081201	0.0198074859441	0.00745255761409
(300<=boson_pt)	1.00518079633	0.0242082324689	36.5808020508	5.58825653563	26.6283688626	4.06787571588	-0.0183374981654	0.0149651928374
