(0<=boson_pt&&boson_pt<20)	1.02974095774	0.0130750921386	22.5202271455	0.062590619925	22.3546970834	0.0621304977689	0.00158603279443	0.0130911038046
(20<=boson_pt&&boson_pt<40)	1.13415355073	0.00164788719492	19.8370641792	0.0340581076135	19.3569935063	0.033233877854	-0.00101352202474	0.00161097158029
(40<=boson_pt&&boson_pt<60)	1.03760239906	0.00102193033188	20.1160661545	0.0350902879834	18.7059072242	0.0326303040614	-0.000431160882345	0.000955753138371
(60<=boson_pt&&boson_pt<80)	1.0084778515	0.0010349688066	21.529965319	0.0501514364112	19.052768459	0.0443811075249	0.00257948429603	0.000918402585872
(80<=boson_pt&&boson_pt<100)	1.0026664831	0.00117098112007	22.9095293584	0.0733304310808	19.324856752	0.0618561242971	-0.00074025333384	0.000987522284017
(100<=boson_pt&&boson_pt<120)	1.0085188766	0.00134826649637	23.6253416352	0.103739460372	19.7038971583	0.0865203005313	-0.000977386685142	0.00112458870417
(120<=boson_pt&&boson_pt<160)	1.00914655441	0.00119648139522	24.8993618248	0.114799709607	19.6896072321	0.090778507927	0.000643919685155	0.000948518343102
(160<=boson_pt&&boson_pt<200)	1.00894310245	0.00163868789516	27.0309825902	0.202967635119	20.287953187	0.15232191551	0.000564138134727	0.00122759885866
(200<=boson_pt&&boson_pt<300)	1.00796601305	0.001599613974	29.430789305	0.261796769701	20.54504501	0.182704739302	-0.000172782618675	0.00111373587447
(300<=boson_pt)	1.0062252768	0.00230589854759	34.228052877	0.595331773831	22.1678605157	0.385559905254	0.00161510592949	0.00147668006123
