(0<=boson_pt&&boson_pt<20)	0.596033697013	0.00140099396124	22.0716911908	0.00531848011382	21.956505269	0.00529072477559	-0.00388291798564	0.00140054311361
(20<=boson_pt&&boson_pt<40)	0.704972241178	0.000548198696179	22.5383548	0.0101399043577	22.210700656	0.00999249018833	0.000232038832058	0.000541651641565
(40<=boson_pt&&boson_pt<60)	0.711848582369	0.00070746948265	23.3564121366	0.0234182712362	22.541023969	0.0226007235255	0.00281112098907	0.000686024327227
(60<=boson_pt&&boson_pt<80)	0.705392309206	0.00114754724196	24.914366666	0.0545714596434	22.8446989508	0.0500378999191	0.00634899790741	0.00105616943397
(80<=boson_pt&&boson_pt<100)	0.709077415293	0.00192646142678	27.4745264386	0.118623200851	23.3110337703	0.100645152185	0.0117066614765	0.00163079801226
(100<=boson_pt&&boson_pt<120)	0.728191035911	0.00299319055054	30.9697574001	0.228386566662	23.542419513	0.173604200747	0.0168146419184	0.00227550303197
(120<=boson_pt&&boson_pt<160)	0.756637933043	0.00341820778793	34.760502608	0.322298920279	23.393547234	0.216830109948	0.0151744954892	0.00229088145708
(160<=boson_pt&&boson_pt<200)	0.779098322687	0.00588990281401	40.6541560115	0.698240604163	22.960393344	0.393189701669	0.011397290446	0.00316960366637
(200<=boson_pt&&boson_pt<300)	0.802477430545	0.00751374673111	39.9955734073	0.92637958025	24.0272236373	0.546073264483	0.00819920922322	0.00337313546894
(300<=boson_pt)	0.816262129541	0.017918853871	44.0108970678	2.4450498371	23.1869108426	1.24653604946	-0.000226892057523	0.00515886044476
