(0<=boson_pt&&boson_pt<20)	0.653531227735	0.00369569396705	18.6980275758	0.0119918839868	18.6064239456	0.0119331297257	-0.00324813412628	0.00368684391967
(20<=boson_pt&&boson_pt<40)	0.820229322218	0.00132129540214	19.2865897345	0.0250712985935	18.9037429596	0.0245736229578	0.000677901303267	0.00129791834204
(40<=boson_pt&&boson_pt<60)	0.867749823018	0.00147819171348	20.0991364894	0.0497831081578	19.3298356869	0.0478776439565	0.000111848615552	0.00142166292611
(60<=boson_pt&&boson_pt<80)	0.892400916959	0.00168966544183	20.8270441695	0.0814636615292	19.5227184403	0.0763620741197	-0.00229363849488	0.00158793397925
(80<=boson_pt&&boson_pt<100)	0.90006152262	0.0019454359347	21.787332498	0.121954032951	19.7638145324	0.110627443214	0.00188526160458	0.00176440715424
(100<=boson_pt&&boson_pt<120)	0.905473373614	0.00225873510424	22.5148782083	0.173881487813	20.257567556	0.156448369541	0.000455384343599	0.00203513508648
(120<=boson_pt&&boson_pt<160)	0.911085439262	0.00201858669451	23.6444654795	0.194436293073	20.1454612569	0.165662819167	4.49566790713e-05	0.00173199708745
(160<=boson_pt&&boson_pt<200)	0.913250937128	0.00268859550724	25.5372524814	0.33781682953	20.6646294134	0.273392940538	0.00134902416376	0.00219304403599
(200<=boson_pt&&boson_pt<300)	0.916677494105	0.00267462957565	27.0852782166	0.432336912863	20.81963746	0.332195842458	-0.00126182720206	0.00204377423191
(300<=boson_pt)	0.923499224988	0.00358747022732	32.3079094104	0.927560121715	20.6398524641	0.592870105584	0.00541645193123	0.00231713203033
