(0<=boson_pt&&boson_pt<20)	0.888653533008	0.0134172180753	23.5405661507	0.0654264550372	23.6104975279	0.0656207453922	0.0109097940817	0.0134644599604
(20<=boson_pt&&boson_pt<40)	0.953012710136	0.00186392327135	22.6074808559	0.0388146153535	22.4683331872	0.0385757137585	-0.00105051645732	0.00185698278606
(40<=boson_pt&&boson_pt<60)	0.900516204789	0.00115901713989	22.7479468157	0.0396813173441	22.1766874276	0.0386847629058	-0.00276422990096	0.00113221433841
(60<=boson_pt&&boson_pt<80)	0.894273456135	0.00112507733254	23.3643861822	0.0544244967673	22.3957627204	0.0521682061866	0.00171008324544	0.00107993142887
(80<=boson_pt&&boson_pt<100)	0.892591380425	0.00123168805068	24.0806313069	0.0770797207503	22.55802976	0.0722050523137	-0.000495109707045	0.0011535024266
(100<=boson_pt&&boson_pt<120)	0.902529998116	0.00142380522459	24.9517317101	0.109563672049	22.8372829677	0.100279075241	0.000517994974821	0.00130455648017
(120<=boson_pt&&boson_pt<160)	0.90317534537	0.00125071562447	26.069020379	0.120189064375	23.1232588359	0.106609284319	-0.000314472383284	0.00111557851957
(160<=boson_pt&&boson_pt<200)	0.907985661922	0.00167073211833	27.6649420507	0.207727848775	23.5578615487	0.176875753074	-0.000912625191044	0.0014233733122
(200<=boson_pt&&boson_pt<300)	0.908584534137	0.00160755288257	29.9269581142	0.266139711583	23.3519571384	0.207666288349	-0.00121775200674	0.00126704600222
(300<=boson_pt)	0.914167763896	0.0023838188234	35.5003818979	0.61699287453	24.6326244144	0.428428910794	0.00368820295677	0.00167058114065
