(0<=boson_pt&&boson_pt<20)	0.624796985942	0.0015866541509	22.0975899679	0.00604464991068	21.9807473678	0.00601268883838	-0.000395617336395	0.00158448703047
(20<=boson_pt&&boson_pt<40)	0.768757109456	0.00055880158785	22.8804513942	0.0105704319478	22.4596030281	0.0103759995502	-0.000533436466921	0.000549318409177
(40<=boson_pt&&boson_pt<60)	0.823439309473	0.000531978370677	24.0355814434	0.0179698564242	23.1659857348	0.0173196285838	-0.000332357291856	0.000513632514989
(60<=boson_pt&&boson_pt<80)	0.846685117588	0.000579877681972	25.5081810435	0.0279401860629	24.0375952784	0.0263292019439	0.000369305154918	0.000547211927511
(80<=boson_pt&&boson_pt<100)	0.859307618959	0.000657811466915	26.5466847371	0.0409733515374	24.5437274827	0.0378815359305	-0.000587702586797	0.000608811962721
(100<=boson_pt&&boson_pt<120)	0.867622705203	0.000760095460641	27.4929742796	0.0580240113889	24.7837997205	0.0523027952862	5.64999115185e-05	0.000684800324708
(120<=boson_pt&&boson_pt<160)	0.877228397585	0.000684913718297	28.9210603572	0.064935916214	24.8985504729	0.0559000229994	0.000211708005867	0.000588800056446
(160<=boson_pt&&boson_pt<200)	0.885368929758	0.000923648340297	30.3702487266	0.112036069579	25.0693269738	0.0924519973633	-8.56623483187e-05	0.000744627009948
(200<=boson_pt&&boson_pt<300)	0.88831482344	0.000937751534811	32.5693284097	0.146810002638	25.3363880231	0.114079274948	-0.000567397011323	0.000699508561622
(300<=boson_pt)	0.893364118003	0.00143548936198	37.6402032712	0.326136831568	26.0384410817	0.224921086489	-8.71933482884e-05	0.000923663763626
