(0<=boson_pt&&boson_pt<20)	0.632624350304	0.00352662924473	18.5251646119	0.0113270458207	18.413987382	0.0112590600976	-0.00156374293515	0.00352645765686
(20<=boson_pt&&boson_pt<40)	0.763496703112	0.00137254636452	18.9434354724	0.0252936528108	18.6483339699	0.0248996273998	-0.000986346920911	0.00135233062264
(40<=boson_pt&&boson_pt<60)	0.767629100883	0.00231698134321	19.4059899522	0.0758972129896	18.7319371803	0.0732609791813	0.00241540173385	0.00224399181628
(60<=boson_pt&&boson_pt<80)	0.758853003401	0.0051960535131	20.28871	0.243466836012	19.0506740894	0.22861026376	-0.00219479582014	0.0048883137672
(80<=boson_pt&&boson_pt<100)	0.778387271677	0.0123531285734	23.599724579	0.76617857607	18.8525512601	0.612058875152	-0.016214480411	0.00995749090671
(100<=boson_pt&&boson_pt<120)	0.805381783514	0.0218731785505	26.1171636373	1.6535615996	18.257981713	1.15597152379	0.00208129571964	0.0153334168856
(120<=boson_pt&&boson_pt<160)	0.877521523554	0.0215456630932	22.5808236813	2.05824835221	18.7627195446	1.71022709935	-0.007703477855	0.0188932042503
(160<=boson_pt&&boson_pt<200)	0.865182502117	0.0218594595542	13.9507203022	2.82608373432	21.4885967508	4.35307800853	-0.0153851286877	0.0360208716185
(200<=boson_pt&&boson_pt<300)	0.942420394066	0.00800952198798	1.25274243113	0.333156158658	22.4252816543	5.96381227863	0.00364607200824	0.0367928543763
(300<=boson_pt)	0.912513248177	0.0605012873655	31.2834141271	16.2755352727	26.7174409745	13.9000382506	-0.0556527514002	0.0594196654934
