(0<=boson_pt&&boson_pt<20)	0.86691463556	0.030281842854	22.610401769	0.12528889578	22.4185068572	0.124222499191	-0.00236513059791	0.0307718419398
(20<=boson_pt&&boson_pt<40)	0.95884783087	0.0049795439127	20.9638308445	0.102471270285	20.7697164711	0.101522438625	0.000777080470507	0.00493926362773
(40<=boson_pt&&boson_pt<60)	0.952305492177	0.00257170099884	20.5617352799	0.0892268729621	20.1336224985	0.087369093731	-0.000138284821622	0.00251513774136
(60<=boson_pt&&boson_pt<80)	0.92727371814	0.00204950158889	20.9629662453	0.0994153042655	19.7884860889	0.093845784517	-0.00247845338143	0.0019391199813
(80<=boson_pt&&boson_pt<100)	0.91644720052	0.00209288919327	21.6022259749	0.131598670456	19.9402422588	0.121474026468	0.00306562330444	0.00193493248646
(100<=boson_pt&&boson_pt<120)	0.914727848399	0.00235093401294	22.3196856904	0.181334919489	20.3430720638	0.165276043131	0.000619799547854	0.00214756783465
(120<=boson_pt&&boson_pt<160)	0.915487901093	0.00207070551206	23.5088542015	0.199674276235	20.1809044714	0.171408077125	0.000152782109037	0.00178933906533
(160<=boson_pt&&boson_pt<200)	0.915677122192	0.00270385574996	25.2970090284	0.339771908506	20.7724251071	0.279035758587	0.00174561768624	0.00223838768605
(200<=boson_pt&&boson_pt<300)	0.917509548889	0.00270055017689	26.98215496	0.436422891421	20.8967862942	0.337861278578	-0.00138417873791	0.00207689560345
(300<=boson_pt)	0.923630319448	0.00358959127252	32.3361777009	0.928435878374	20.6533675258	0.593299886915	0.00553347276274	0.00231877937385
