(0<=boson_pt&&boson_pt<20)	0.641784038345	0.00246722858917	21.9839164888	0.00866560333879	21.8866905534	0.00862727760149	0.00238192741437	0.00246411209871
(20<=boson_pt&&boson_pt<40)	0.813357900953	0.000898671700941	22.5666887436	0.0171163969305	22.2216214865	0.0168546615749	-0.000460013115241	0.000886852966616
(40<=boson_pt&&boson_pt<60)	0.858413541283	0.000966302180626	23.2281143613	0.0325743978019	22.4124802094	0.0314306241426	0.000810926400279	0.000933291583757
(60<=boson_pt&&boson_pt<80)	0.883270657118	0.00108315432468	24.0497414791	0.0521827863798	22.7443444354	0.0493498080246	-0.000804512774974	0.00102615208256
(80<=boson_pt&&boson_pt<100)	0.895741116946	0.00122824886704	24.7776778856	0.0768566668872	22.9538214308	0.0711993357749	-0.000729435573718	0.00113849011542
(100<=boson_pt&&boson_pt<120)	0.899589230097	0.00143708406028	25.5077437296	0.110466779714	23.0386965871	0.0997738996967	-0.00173381871641	0.00130228909176
(120<=boson_pt&&boson_pt<160)	0.904391496326	0.00125029067477	26.480587166	0.119870566386	23.2133301052	0.10508016082	0.000623722859166	0.00109987245199
(160<=boson_pt&&boson_pt<200)	0.909383041841	0.00166007400605	27.8620391419	0.207002061764	23.4125695764	0.17394456123	0.00143923105653	0.00139711106014
(200<=boson_pt&&boson_pt<300)	0.908224827418	0.00159313547478	29.7693304627	0.263519002674	24.1722221	0.213980598742	0.00150990329607	0.00130760342919
(300<=boson_pt)	0.917609378032	0.00228597013495	36.4879838366	0.606204949226	24.0913354978	0.400560600519	0.00359020281144	0.00157058892815
