(0<=boson_pt&&boson_pt<20)	0.915524268834	0.00750755577875	24.6609813499	0.0394020806682	24.6242877286	0.039343654312	0.000213997125074	0.00752832324035
(20<=boson_pt&&boson_pt<40)	0.941210837671	0.00115433723701	23.4145418897	0.0237510556669	23.2651120441	0.0235994539331	-0.00035589550593	0.00114819528182
(40<=boson_pt&&boson_pt<60)	0.883220376003	0.000701168368002	23.5009903099	0.0240133041206	22.9323994184	0.023432342601	0.000167194698416	0.000686638080918
(60<=boson_pt&&boson_pt<80)	0.86818263292	0.000685957064745	24.4095733998	0.033115517338	23.1728166583	0.0314372526199	0.00120713854883	0.000651849318482
(80<=boson_pt&&boson_pt<100)	0.867530405204	0.000784288696155	25.3583346779	0.0489988913909	23.3638102641	0.0451446148859	-0.000944459755974	0.000724114425143
(100<=boson_pt&&boson_pt<120)	0.870915104212	0.000940214463827	26.3725998268	0.0720546700037	23.415518495	0.0639730060646	0.00122949681943	0.000836993874962
(120<=boson_pt&&boson_pt<160)	0.879505593156	0.000881009097894	27.7468836596	0.084003592063	23.4583946515	0.0710149997248	-6.97163221999e-06	0.000744997022316
(160<=boson_pt&&boson_pt<200)	0.889242133288	0.00123680555902	29.4433745883	0.153928220614	23.5785378264	0.123267200959	9.11857588841e-05	0.00099403106345
(200<=boson_pt&&boson_pt<300)	0.889677831316	0.00133335574891	31.5121230299	0.214066253222	23.9580227169	0.162660144759	-0.000163322426168	0.000998136449656
(300<=boson_pt)	0.895503089287	0.00229235800759	36.7122495814	0.522121727344	23.6465304656	0.335285318925	-0.00174062404594	0.00135009465765
