(0<=boson_pt&&boson_pt<20)	0.897570465383	0.00578463869998	24.9495110174	0.0313533565149	24.8970227045	0.0312875935533	0.00263083891809	0.00578377074409
(20<=boson_pt&&boson_pt<40)	0.927008028627	0.000932904916244	24.119574825	0.0191962928868	23.9498011113	0.019061233713	4.05840036823e-07	0.000928201013893
(40<=boson_pt&&boson_pt<60)	0.875150430201	0.000565388286521	24.4522255266	0.019388011205	23.8998908185	0.0189500566797	9.74975672835e-05	0.000553657044311
(60<=boson_pt&&boson_pt<80)	0.86411515857	0.000534287247215	25.4940480246	0.0257990939923	24.4096686329	0.0247012336767	-0.000423482304312	0.000511185523057
(80<=boson_pt&&boson_pt<100)	0.865884727461	0.000583743345071	26.5732043969	0.0363356388234	24.9456526164	0.0341086921032	-0.00208818234227	0.000546919486636
(100<=boson_pt&&boson_pt<120)	0.870720084761	0.000663033196125	27.4462451147	0.0505731079012	25.1799694252	0.0463946938083	-0.00132214767514	0.000607424844073
(120<=boson_pt&&boson_pt<160)	0.877908538331	0.000591150696669	28.7911147869	0.0557212362609	25.2930468125	0.0489435086002	-0.000955366165972	0.000513869932633
(160<=boson_pt&&boson_pt<200)	0.886284651269	0.000791339340826	30.5765302693	0.0965429168089	25.4931618569	0.0804765486464	-0.0010041091353	0.000655623121672
(200<=boson_pt&&boson_pt<300)	0.891942691305	0.000784202984412	32.8071129576	0.125312952894	25.7950804152	0.0984717212391	-0.000102898753963	0.00060566035274
(300<=boson_pt)	0.899010972728	0.00119384821318	39.3870355852	0.292277492855	26.8306005903	0.198652561125	-7.59160786207e-05	0.000795720175467
