(0<=boson_pt&&boson_pt<20)	0.625237177599	0.00216964123688	18.7734644088	0.00763582885296	18.6591736984	0.0075893427977	-0.00174333159447	0.00216935680412
(20<=boson_pt&&boson_pt<40)	0.757079916621	0.000788197031335	19.3019630889	0.014702708566	18.8924581313	0.0143907800839	0.000919864052809	0.000773629471946
(40<=boson_pt&&boson_pt<60)	0.780482823238	0.000894693751193	20.01328067	0.0298009435696	19.1335679719	0.0284909999923	-0.00023584666472	0.00085824936475
(60<=boson_pt&&boson_pt<80)	0.773466967598	0.00133751085569	21.5008332424	0.0639249263364	19.5965779699	0.0582633142188	-0.0023589424372	0.00122710946097
(80<=boson_pt&&boson_pt<100)	0.771258136409	0.00219718632971	23.9884529039	0.137025428947	20.1739779364	0.115236609521	0.000870325295182	0.00185963392313
(100<=boson_pt&&boson_pt<120)	0.775964392838	0.00356596165624	26.7813634677	0.272204314745	20.5390013367	0.208735724682	-0.00218682989408	0.0027337398032
(120<=boson_pt&&boson_pt<160)	0.791277907442	0.00471471403927	32.4035298285	0.446870855289	20.743662411	0.286017472087	0.00291501046472	0.00301305094037
(160<=boson_pt&&boson_pt<200)	0.805953343411	0.0101419079955	36.7137307105	1.10796833329	22.1220074502	0.663394918589	-0.0062448718745	0.00533131066417
(200<=boson_pt&&boson_pt<300)	0.778973894438	0.0170374325981	42.3579299113	2.1073857781	21.095546152	1.0244902868	0.00492885361842	0.00645608471284
(300<=boson_pt)	0.79647057958	0.0742214146192	38.9457263815	7.11048428585	19.2792408944	3.30636253602	0.0144262156769	0.014749796662
