(0<=boson_pt&&boson_pt<20)	0.91064715989	0.00474744291746	18.9763550242	0.0238470198643	18.7019933913	0.0235023862384	-0.00074946763926	0.0047037286439
(20<=boson_pt&&boson_pt<40)	0.963788609277	0.000665598716636	17.0859331249	0.0135983392485	16.5118889361	0.0131415110241	-0.000260564389633	0.000646285752215
(40<=boson_pt&&boson_pt<60)	0.889357514983	0.000409317835826	17.7616235622	0.0140831028142	16.1823215085	0.0128307933545	0.000484803709993	0.000374874205069
(60<=boson_pt&&boson_pt<80)	0.868217616316	0.000415139376705	19.8300742869	0.0200672870064	17.1877036053	0.0173930403984	0.000627143017261	0.000360050332684
(80<=boson_pt&&boson_pt<100)	0.866780523908	0.000478098407359	21.758158355	0.0297512571107	18.0309191533	0.0246542224594	-0.000100517358146	0.000396562411082
(100<=boson_pt&&boson_pt<120)	0.872208286948	0.000562507190456	23.2776317401	0.0428910474133	18.4767755596	0.034043437054	0.000669829843825	0.000446541810279
(120<=boson_pt&&boson_pt<160)	0.880938798535	0.00051474060983	24.9548356232	0.0482964655446	18.6549881725	0.0360987515094	-0.000117952677512	0.000380597441739
(160<=boson_pt&&boson_pt<200)	0.889535379822	0.000701593229515	27.0944879919	0.0855426810636	19.1039945162	0.0603066905536	0.000587456898673	0.000495270803739
(200<=boson_pt&&boson_pt<300)	0.895146904437	0.000715904107927	29.8854935141	0.114148280464	20.0303722404	0.0764651708706	0.00085143336323	0.000472204715548
(300<=boson_pt)	0.90317847745	0.00112746745732	36.9300511848	0.274060157956	21.5652344941	0.15966802715	-0.000183340959865	0.000644961618934
