(0<=boson_pt&&boson_pt<20)	0.779921514053	0.0266504955737	18.9973645244	0.105268311828	18.8010289304	0.104177803454	0.00529410371097	0.0262511441249
(20<=boson_pt&&boson_pt<40)	0.969858102104	0.00429547705739	18.0771577088	0.0883612030316	17.133424332	0.0837482313542	0.00803707340799	0.00409971834546
(40<=boson_pt&&boson_pt<60)	0.962598068996	0.00220563771957	17.6047274406	0.0763950492259	15.8200764241	0.0686506236042	-0.000843766553643	0.00198260366225
(60<=boson_pt&&boson_pt<80)	0.937224941385	0.00175363005707	17.9576747108	0.0851629332601	15.5351336661	0.0736744993994	0.00116205193685	0.0015233616361
(80<=boson_pt&&boson_pt<100)	0.925562242507	0.0018036732369	18.616510467	0.113409980473	15.5402920022	0.0946699552332	0.00296102396439	0.00150643317316
(100<=boson_pt&&boson_pt<120)	0.919266688463	0.0021102498438	20.015055636	0.162611093751	15.7906691162	0.128290324182	0.00254979253385	0.0016707481711
(120<=boson_pt&&boson_pt<160)	0.921786029751	0.00187348208661	21.2366562738	0.180380026051	16.2107360327	0.13768714361	0.000590134655491	0.00143587581639
(160<=boson_pt&&boson_pt<200)	0.91964739806	0.00253851840709	23.8710818926	0.320619842593	17.1475446986	0.230342779825	0.00139170756826	0.00184395176818
(200<=boson_pt&&boson_pt<300)	0.925999265146	0.0026375486876	26.2606620815	0.42477133352	17.7647424816	0.287222088791	0.00118249307651	0.00177142179749
(300<=boson_pt)	0.927043651791	0.00342368986449	31.1861109409	0.895415177772	19.4185042753	0.557826532462	0.00200768573996	0.00222570440747
