(0<=boson_pt&&boson_pt<20)	0.50710290065	0.000807101780186	12.0938567194	0.00276928458416	11.5394757174	0.00264234158986	-0.000258675829043	0.000800017351893
(20<=boson_pt&&boson_pt<40)	0.698678535876	0.000302042062536	15.105903747	0.00581041253039	13.2744437502	0.00510595260151	0.000165702741984	0.000267437059144
(40<=boson_pt&&boson_pt<60)	0.785805571735	0.000333209403293	18.1127777525	0.0113095176478	15.0094602441	0.00937178327133	0.000394806746707	0.000276644464652
(60<=boson_pt&&boson_pt<80)	0.824277944098	0.000392661056818	20.6318202384	0.0189238161902	16.6161227153	0.0152403656341	0.000316894074368	0.000316081747373
(80<=boson_pt&&boson_pt<100)	0.844091876352	0.000470803772517	22.5883369231	0.0292647583071	17.6847180661	0.0229113182497	6.74681676348e-06	0.000368681592757
(100<=boson_pt&&boson_pt<120)	0.857807405548	0.000562017221125	24.1713662687	0.0428800897932	18.2358263556	0.0323488938247	0.000716508609858	0.000424216950458
(120<=boson_pt&&boson_pt<160)	0.871606328771	0.000517986769122	25.8406605256	0.0486666468895	18.4731827473	0.0347861521597	-0.000107164078052	0.000366769953399
(160<=boson_pt&&boson_pt<200)	0.883913207095	0.000715031230516	28.0555132731	0.0869931077405	18.9646673898	0.0587911109108	0.000567671614992	0.000482680687037
(200<=boson_pt&&boson_pt<300)	0.891689998773	0.000733278110873	30.3547600541	0.114651617556	19.9459229252	0.0752595964166	0.00087682015809	0.000464800599955
(300<=boson_pt)	0.902063971661	0.00115791730934	36.9917422062	0.273346288185	21.5207301277	0.158592604724	-0.00021413644556	0.000640739788844
