(0<=boson_pt&&boson_pt<20)	0.758208289152	0.00604934556633	18.7346290218	0.0255905558241	18.3768531792	0.025101852116	-0.00149911549537	0.00601673836237
(20<=boson_pt&&boson_pt<40)	0.940595178706	0.000837720136818	16.3750978945	0.0169711001946	15.490547719	0.0160543034292	-0.000843312412116	0.000795324284345
(40<=boson_pt&&boson_pt<60)	0.882819218416	0.000511182211521	16.6748043931	0.0175989954411	14.6286937433	0.0154394975322	0.0010376253728	0.000452614113451
(60<=boson_pt&&boson_pt<80)	0.860894193715	0.000526685417356	18.4385755546	0.0255169088682	14.8437122821	0.0205418268644	0.000664209578855	0.000425355013769
(80<=boson_pt&&boson_pt<100)	0.858194995406	0.00064232910934	20.4009638211	0.0402256790385	15.2024942115	0.029975226939	2.59816463686e-05	0.000480065939746
(100<=boson_pt&&boson_pt<120)	0.863626435405	0.000804404553428	21.9073262987	0.0617777271775	15.3867809072	0.0433900668691	0.00148534247056	0.000569380544019
(120<=boson_pt&&boson_pt<160)	0.877711896993	0.000795417540974	23.6856636704	0.0755109749857	15.3769963801	0.0490175833764	0.000641661213631	0.000514916759327
(160<=boson_pt&&boson_pt<200)	0.889944073621	0.00115278494596	25.6537749331	0.143176488512	15.4760885938	0.086371031552	-0.000353772754438	0.0006955637336
(200<=boson_pt&&boson_pt<300)	0.895073751192	0.00130302611376	28.1094578703	0.207135633341	15.6273880068	0.115087853442	-0.000835101653598	0.000715850355916
(300<=boson_pt)	0.898789787651	0.00246921295069	34.3968704376	0.53420048954	16.3917920045	0.253595893584	-0.000481403493175	0.00104158999426
