(0<=boson_pt&&boson_pt<20)	0.500999787624	0.00145204058187	12.0813446799	0.00485673417119	11.5408320142	0.00463944357685	0.000245511883901	0.00144144716725
(20<=boson_pt&&boson_pt<40)	0.705706973997	0.00056607656636	15.037680204	0.0108138472879	13.2930413613	0.00955925820984	0.00105061990466	0.000503252167299
(40<=boson_pt&&boson_pt<60)	0.79424939496	0.000632855420265	17.9142400488	0.021439501713	14.9888186766	0.0179384513864	0.00064756156699	0.000531258344683
(60<=boson_pt&&boson_pt<80)	0.832164478581	0.000748567909764	20.2561438341	0.0361466818529	16.4576638122	0.0293684640616	-7.95798404226e-05	0.000611377357868
(80<=boson_pt&&boson_pt<100)	0.853834281442	0.000892779410848	21.9771712052	0.0555688237053	17.407974511	0.0440145786255	-0.000378482807214	0.000706452462211
(100<=boson_pt&&boson_pt<120)	0.863428697669	0.00106458443947	23.5372059911	0.0814236365904	17.9653367972	0.0621455680754	0.00287134911657	0.000809075864262
(120<=boson_pt&&boson_pt<160)	0.875126719556	0.000961240926863	24.7819814384	0.0909922328732	18.3499479196	0.0673675018765	-0.000626414358749	0.000706058435507
(160<=boson_pt&&boson_pt<200)	0.884360019987	0.00131997216629	26.5053568318	0.160447105786	18.5732060543	0.112414274554	0.000308246848807	0.000910614291558
(200<=boson_pt&&boson_pt<300)	0.890690867615	0.00138831410877	29.5309507321	0.217989577062	19.2736563485	0.142118178329	0.000510413479989	0.000871288397839
(300<=boson_pt)	0.897465928595	0.00207191492579	35.447747595	0.517830352033	20.6204385764	0.300588206145	0.000902420572001	0.00115892426848
