(0<=boson_pt&&boson_pt<20)	0.898430295873	0.0123588418034	18.7017052322	0.0537802110982	18.3557248244	0.0527853156567	0.0192024082791	0.0122301099323
(20<=boson_pt&&boson_pt<40)	1.01254151549	0.00137518689089	15.7690085899	0.0284977534401	15.2543730485	0.0275677040533	-0.00127097551945	0.00133826919212
(40<=boson_pt&&boson_pt<60)	0.920962237195	0.00087134637684	16.1980220818	0.0299623230701	14.5232498257	0.0268644098093	-0.000176948343567	0.000788193053955
(60<=boson_pt&&boson_pt<80)	0.903188172264	0.000940329617847	17.7589145434	0.0454287341612	14.5666596839	0.0372624641681	-6.56944878586e-05	0.000779315671399
(80<=boson_pt&&boson_pt<100)	0.903912146106	0.00112419266931	19.1851027617	0.0703263949681	14.7555082633	0.0540889311344	0.00141706522072	0.000866766710792
(100<=boson_pt&&boson_pt<120)	0.904347972119	0.00137525436897	20.2150854979	0.105454177815	14.92567084	0.0778613747108	-0.00216271474948	0.00102404714025
(120<=boson_pt&&boson_pt<160)	0.911006497322	0.00128283434637	21.47480952	0.122686733656	14.9458753226	0.0853865839074	-0.000154187478851	0.00089518820283
(160<=boson_pt&&boson_pt<200)	0.915956376013	0.00180437876773	23.249025871	0.224761463602	15.3976729792	0.148858000937	0.00129761307419	0.00119661587952
(200<=boson_pt&&boson_pt<300)	0.918958007071	0.00184441393924	25.3322843063	0.304849187727	15.3630781766	0.1848795729	0.000440286784884	0.00113685486155
(300<=boson_pt)	0.925258389374	0.00303505500591	32.5504325465	0.81046380648	15.5525666896	0.387676791638	-0.000698325919536	0.00154072247233
