(0<=boson_pt&&boson_pt<20)	0.510240690074	0.00275878829229	12.2339943768	0.00816761087604	11.7506078339	0.00784489086315	-0.00390759668716	0.00274132583644
(20<=boson_pt&&boson_pt<40)	0.703785673787	0.00109534368071	14.049756636	0.0204780975521	12.4787818605	0.0181883372709	0.000452802674309	0.000986227099938
(40<=boson_pt&&boson_pt<60)	0.700298884725	0.00206652959119	15.962555393	0.0681446191775	13.0098455683	0.0555394139587	0.000802057718599	0.00169853380033
(60<=boson_pt&&boson_pt<80)	0.697580385639	0.00489880376158	18.085470997	0.230863495918	13.8051351546	0.176224426997	-0.00321446772629	0.00378117967131
(80<=boson_pt&&boson_pt<100)	0.717877888632	0.0123765538596	22.1869354794	0.772404538542	14.1747377635	0.493472016056	-0.000541453446042	0.00806068283752
(100<=boson_pt&&boson_pt<120)	0.752000310916	0.0228786639121	25.3635458997	1.74065740094	13.265316749	0.910376327751	0.00253506207584	0.0120448986034
(120<=boson_pt&&boson_pt<160)	0.781339951381	0.0394799674754	37.1236312608	3.89627364743	11.598555644	1.21731482533	0.0139662601413	0.0134510349641
(160<=boson_pt&&boson_pt<200)	0.805222873138	0.187047781222	49.5903960286	24.4807809171	18.2718613768	9.02008193395	-0.0206508443397	0.0661915662197
(200<=boson_pt&&boson_pt<300)	0.929006133503	0.0587783731567	20.719680376	8.04102235797	28.3664131556	11.0086139487	-0.0262286709991	0.0713145421221
(300<=boson_pt)	1.03677104063	0.0	2.38418579102e-07	1.68587394044e-07	0.0	0.0	0.0426405041399	0.0
