(0<=boson_pt&&boson_pt<20)	0.528537551014	0.00167118620154	12.8381219475	0.00510048814562	12.3724785812	0.00491549157995	0.00153216394432	0.00166443596694
(20<=boson_pt&&boson_pt<40)	0.696561976906	0.000637195072501	14.4237402594	0.0119228752012	13.0032399869	0.0107486688464	0.000186978909138	0.000580954659882
(40<=boson_pt&&boson_pt<60)	0.687347194309	0.00111387769656	15.9698284329	0.0368679466545	13.4875986457	0.0311374708536	-0.000222866754015	0.000949131644662
(60<=boson_pt&&boson_pt<80)	0.714901124036	0.00212448297925	18.004352496	0.101562832914	13.9942980975	0.0789420535811	-0.000214469838239	0.00166101548527
(80<=boson_pt&&boson_pt<100)	0.753727313824	0.00335429584735	19.8654936348	0.208652929798	14.0969154453	0.148063912373	-0.0023166569943	0.00238845212261
(100<=boson_pt&&boson_pt<120)	0.780431313466	0.00474893693142	21.6386123286	0.362950993603	14.9314818518	0.250450264175	0.00218905812158	0.003289325591
(120<=boson_pt&&boson_pt<160)	0.808079576088	0.00509999644186	23.7171131808	0.485774312395	14.9412185117	0.306026289691	0.00430738356667	0.00324085413292
(160<=boson_pt&&boson_pt<200)	0.840856527929	0.00909257426151	27.0870653515	1.13069725563	15.0343362463	0.627579345097	-0.00348981401343	0.00506387476903
(200<=boson_pt&&boson_pt<300)	0.863047928721	0.0114632321354	27.39522424	1.87902923446	13.169586934	0.903297546977	0.018117842463	0.00563973867315
(300<=boson_pt)	0.932110925059	0.0213722051233	32.8038762931	5.0112754727	18.5663521788	2.83628387267	-0.014113700859	0.0102551041972
