(0<=boson_pt&&boson_pt<20)	0.783282664829	0.0281346564146	18.8760518411	0.109030842285	18.7396423744	0.108239961005	0.00152722898049	0.0278526247079
(20<=boson_pt&&boson_pt<40)	0.977712111386	0.00442349339218	17.6452435204	0.0911980605577	16.7235407684	0.0864343119984	0.00912330654303	0.00423813521441
(40<=boson_pt&&boson_pt<60)	0.967875322929	0.0022555957445	17.2998467072	0.0781440719818	15.2905801718	0.0690681378748	-0.000557550972418	0.00199340821859
(60<=boson_pt&&boson_pt<80)	0.938519281864	0.00180263691776	17.616742346	0.0874293422643	14.941562325	0.0741528110487	0.00144183370079	0.00153593299776
(80<=boson_pt&&boson_pt<100)	0.926083034938	0.00188791039231	18.2461281372	0.118521109314	14.7603871347	0.0958788321528	0.00140129682185	0.00152889379787
(100<=boson_pt&&boson_pt<120)	0.917276159375	0.00225957043888	19.6930266589	0.173832776699	14.7857533333	0.130515669431	0.000476525246027	0.00170016172662
(120<=boson_pt&&boson_pt<160)	0.917863050353	0.00209889433212	20.943893024	0.201459351768	15.2276487056	0.146469592776	-0.000284999129952	0.00153267870092
(160<=boson_pt&&boson_pt<200)	0.920424491978	0.00296333677418	23.2366578152	0.371475166596	15.6346877009	0.24994550699	0.00120180440319	0.00200482643914
(200<=boson_pt&&boson_pt<300)	0.925563565085	0.00316441239799	26.5470759962	0.52540859602	15.5789666412	0.308311507778	-0.000294942147491	0.00189212027781
(300<=boson_pt)	0.92589836561	0.00478236275927	31.3370484101	1.23643634939	17.6907097862	0.698005643028	0.00313350985822	0.00285852788206
