(0<=boson_pt&&boson_pt<20)	0.769507896721	0.0124047193526	19.1848403306	0.05370597946	18.7947680768	0.0526136001534	-0.00622702628701	0.0124013950624
(20<=boson_pt&&boson_pt<40)	0.939392570201	0.00217351568344	18.8883622664	0.0441011231742	17.3096182071	0.040415464135	-0.00166948901264	0.00201204140633
(40<=boson_pt&&boson_pt<60)	0.927108089877	0.00114534558146	18.4764753097	0.0395791620318	16.2744029811	0.0348620189599	0.000260299771297	0.00101020851295
(60<=boson_pt&&boson_pt<80)	0.899723740274	0.000924917827843	18.8195822164	0.0450404564555	16.0272701289	0.0383576826541	0.00025886053366	0.000790965792204
(80<=boson_pt&&boson_pt<100)	0.888596239	0.000977269725657	19.8383842284	0.0611812267005	16.1595041524	0.0498356254989	0.000781254245926	0.000798250302447
(100<=boson_pt&&boson_pt<120)	0.880394707456	0.00115544342865	21.3361570191	0.0882518749725	16.3524078566	0.0676354825705	0.00241522067918	0.000881585551997
(120<=boson_pt&&boson_pt<160)	0.883128567132	0.00107422040431	22.9093335392	0.102785157013	16.432713445	0.0737241453722	-0.000436469609536	0.000771829082894
(160<=boson_pt&&boson_pt<200)	0.888854535726	0.00155821233166	24.7055586744	0.190031514898	16.4223073682	0.126303022629	-0.000853579723795	0.00101697545173
(200<=boson_pt&&boson_pt<300)	0.893334621215	0.00177625147587	28.548385103	0.284999762559	16.6910595162	0.166577772108	0.00136522877003	0.00103545494013
(300<=boson_pt)	0.897754211891	0.00303933694405	35.6821815215	0.764930455716	17.1440051299	0.366679988602	0.000853827273491	0.00142988758253
