(0<=boson_pt&&boson_pt<20)	0.539599514908	0.00165815046925	13.0726078048	0.00515295051713	12.603600898	0.00496807776101	0.00202415002523	0.00165081786255
(20<=boson_pt&&boson_pt<40)	0.775388421524	0.0006041864413	15.3221842238	0.0116215863999	13.7582732924	0.0104353737148	8.79378841363e-05	0.000545441180893
(40<=boson_pt&&boson_pt<60)	0.843419461122	0.000709686923408	17.1386368098	0.024034700559	14.5885147915	0.0204585177957	0.000384305379346	0.000605913200593
(60<=boson_pt&&boson_pt<80)	0.87989154597	0.000839446187805	18.6738584089	0.0405182718943	15.1643799858	0.0329032530395	-0.000213427345081	0.000685709890875
(80<=boson_pt&&boson_pt<100)	0.895356304688	0.000983988845722	19.8588323173	0.0615991404534	15.6061359747	0.048407909714	0.000990526281144	0.000774366331068
(100<=boson_pt&&boson_pt<120)	0.901212331985	0.00117243170879	20.7908646905	0.0900391929897	16.0144858034	0.069354084082	-0.00080850037496	0.00090723041154
(120<=boson_pt&&boson_pt<160)	0.908391104104	0.00104156437298	22.0616640937	0.0998672872571	16.3525050041	0.0740231516914	0.000250840945898	0.000772755956981
(160<=boson_pt&&boson_pt<200)	0.914104078796	0.00142014137482	23.8453445091	0.177166704415	16.8030260191	0.124838710193	0.000350019824566	0.00100294480136
(200<=boson_pt&&boson_pt<300)	0.914888426339	0.00141184053958	26.4378770972	0.234017013428	17.9470646524	0.158873421901	0.000960713736065	0.000967422049439
(300<=boson_pt)	0.923841166763	0.00211001955453	33.7009462698	0.559764033323	18.8383543431	0.313220598716	0.00104098312385	0.00121993914998
