(0<=boson_pt&&boson_pt<20)	0.938959918535	0.00524156880227	18.5634758882	0.0255393565026	18.3354914357	0.025225842095	-0.00100987641821	0.00519944818497
(20<=boson_pt&&boson_pt<40)	0.979433433336	0.000672387949745	16.064779298	0.0137470298329	15.5111830572	0.0132733329668	-0.000180791655274	0.000652511768813
(40<=boson_pt&&boson_pt<60)	0.891100072943	0.000412222272802	16.5650506632	0.0141993822211	14.7728179645	0.012663062523	9.52794852634e-05	0.000370531320025
(60<=boson_pt&&boson_pt<80)	0.864630766689	0.000434525667484	18.4972258911	0.0210345466755	15.2214909399	0.017309334887	0.000351241485061	0.000358726804236
(80<=boson_pt&&boson_pt<100)	0.86187760038	0.000530932879796	20.53662184	0.0332100040533	15.6884104846	0.025369773808	0.000385917340016	0.000406707367619
(100<=boson_pt&&boson_pt<120)	0.8678096242	0.000662680870324	22.1789383605	0.0507021669144	16.0490669505	0.03668801438	2.79445118291e-05	0.000478945970352
(120<=boson_pt&&boson_pt<160)	0.876706238067	0.000640585187374	24.0450965815	0.060964968035	16.1864251303	0.0410365902411	0.00029519377217	0.00043037067414
(160<=boson_pt&&boson_pt<200)	0.888897735455	0.000931184480713	26.0553557642	0.114231739228	16.4607260592	0.0721545385039	0.000635430134541	0.000583784661252
(200<=boson_pt&&boson_pt<300)	0.894325057807	0.00105241956748	29.5401993425	0.166160830342	17.2690355338	0.0970691498389	0.00109784597537	0.00060330983094
(300<=boson_pt)	0.903246594518	0.00188206945427	36.7267773485	0.445050472216	17.6278052066	0.213080271916	0.000850869492793	0.000926977039588
