(0<=boson_pt&&boson_pt<20)	0.49325731288	0.000818363747587	11.7659348488	0.00274006782859	11.2125332448	0.0026111910088	-0.000241835215536	0.000811575125946
(20<=boson_pt&&boson_pt<40)	0.617882327512	0.000321513929753	13.7517694009	0.00604204528565	12.1170379279	0.00532379954086	0.000295613942803	0.000288037404252
(40<=boson_pt&&boson_pt<60)	0.616748952487	0.000477839188748	15.8036258569	0.0160103738611	12.866991823	0.013035321857	0.000247879688862	0.000394772851848
(60<=boson_pt&&boson_pt<80)	0.622027709936	0.00084821825261	18.7632450604	0.0407356030893	13.6803682798	0.0297005155862	-0.00111115302252	0.000624310663018
(80<=boson_pt&&boson_pt<100)	0.644872739107	0.00145916677544	22.2756442272	0.0902521288402	14.2888814446	0.0578929146098	0.000948586841862	0.000936999854498
(100<=boson_pt&&boson_pt<120)	0.675073271702	0.00226712837869	26.4897313524	0.173861156369	14.8425864535	0.0974127692602	0.00130881984719	0.0012715980429
(120<=boson_pt&&boson_pt<160)	0.704943494497	0.00264541443006	30.8188445391	0.252038396504	14.8568127398	0.121483674966	8.55028803412e-05	0.00128192616673
(160<=boson_pt&&boson_pt<200)	0.731650327376	0.00540308964896	39.2507034832	0.646501861186	14.6979265231	0.241436743364	3.18353083209e-05	0.00195484965371
(200<=boson_pt&&boson_pt<300)	0.745245232169	0.00801112113416	38.8535711916	0.986881695148	15.9621546622	0.396582921023	0.0019522800085	0.00246337190658
(300<=boson_pt)	0.783809723629	0.0300862256869	42.364638388	3.39188566584	16.0789859167	1.22601118235	-0.00348168071261	0.00512811693394
