(0<=boson_pt&&boson_pt<20)	0.686762865513	0.00244316776085	20.6607809193	0.0088690590289	20.502102547	0.008800943121	-0.00297774220595	0.00243747270244
(20<=boson_pt&&boson_pt<40)	0.852792157001	0.00100581033672	21.4093401937	0.0184623383215	20.9139836295	0.0180351945553	0.000452018110961	0.000984219571124
(40<=boson_pt&&boson_pt<60)	0.864510806582	0.00141279840997	22.4538479279	0.0464515755985	21.3941890888	0.044259397989	0.00120810864322	0.00134935924771
(60<=boson_pt&&boson_pt<80)	0.846450636065	0.00269414546285	25.2188887483	0.127459190513	22.0286507463	0.111332513556	-0.000607007294381	0.00235857865746
(80<=boson_pt&&boson_pt<100)	0.821722999912	0.00589910932179	30.6596245767	0.36845826526	23.1753026902	0.278513906938	-0.00858111424086	0.00452032708313
(100<=boson_pt&&boson_pt<120)	0.804042805581	0.0128216699029	38.7195293305	0.986664968853	23.1584466554	0.590131864799	-0.00484304819506	0.00773807465486
(120<=boson_pt&&boson_pt<160)	0.703226438517	0.0238427443897	56.5974517163	2.23025203321	23.5575862291	0.925429387277	0.0111317034283	0.00999941656683
(160<=boson_pt&&boson_pt<200)	0.742337355072	0.0523303959146	62.0468102583	5.66407293329	23.0559637734	2.05398850385	-0.018890667924	0.0168453261754
(200<=boson_pt&&boson_pt<300)	0.626764939969	0.0811815857807	72.6253247974	10.7080199545	31.5713829813	4.07584801677	0.0539159804891	0.0266219059102
(300<=boson_pt)	0.625003686	0.172241340453	71.5284092009	25.2891115967	19.1275007676	5.52163385856	-0.0253596666586	0.0214564132717
