(0<=boson_pt&&boson_pt<20)	0.865266043803	0.0126494075871	25.2313188649	0.0546301281126	25.1043441658	0.0543554063714	0.00870233144095	0.0126414321412
(20<=boson_pt&&boson_pt<40)	1.06376168417	0.00202683710344	23.7868090874	0.0417442596953	23.5925150965	0.0414032867307	-0.00140574623035	0.00201142708659
(40<=boson_pt&&boson_pt<60)	1.00496214486	0.0012566406716	23.8513677073	0.0430793707374	23.1697845713	0.0418484181332	-0.00269317603619	0.00122373542437
(60<=boson_pt&&boson_pt<80)	0.987019125764	0.00119685014578	24.493512354	0.0579492748073	23.3909800854	0.0553407903851	0.00160512463633	0.00114473160205
(80<=boson_pt&&boson_pt<100)	0.979886988145	0.00130643067468	25.2615151836	0.0817582736044	23.5630393447	0.0762601500551	-0.00204209726406	0.00121800649704
(100<=boson_pt&&boson_pt<120)	0.987920058557	0.0015114352875	26.202706315	0.116257328674	23.7856114914	0.105533055236	1.60839791508e-05	0.00137327844176
(120<=boson_pt&&boson_pt<160)	0.987767218993	0.00132847948026	27.2369583364	0.127739074264	23.9191566311	0.112183294081	-0.000269501889409	0.00117387677604
(160<=boson_pt&&boson_pt<200)	0.992060637008	0.00180561502792	29.1540328413	0.224069421639	24.5877612655	0.188959625486	-0.000872074148204	0.00151942642516
(200<=boson_pt&&boson_pt<300)	0.989606965321	0.00172984210086	31.3461678589	0.284545159021	24.1605045427	0.219290780527	-0.000708093974082	0.00133846803562
(300<=boson_pt)	0.994899058251	0.00261456791447	37.5078433092	0.673769371157	25.6742128109	0.461081108885	0.00370422883023	0.00179847494704
