(0<=boson_pt&&boson_pt<20)	0.666999413958	0.00163688785994	23.2538360709	0.00636093578176	23.0904454466	0.00631624086535	-0.00223501043093	0.00163376469498
(20<=boson_pt&&boson_pt<40)	0.853182144885	0.000593011497929	24.2685533499	0.0112117529178	23.688888618	0.0109439390742	0.000320300250485	0.000579349508707
(40<=boson_pt&&boson_pt<60)	0.919215887442	0.000565980386928	25.5463975409	0.019099577819	24.4863148355	0.0183069328512	0.000217412612343	0.000543353477085
(60<=boson_pt&&boson_pt<80)	0.943347579174	0.000617804725639	27.1364633866	0.0297241759715	25.4285494382	0.0278530958785	0.000776755833485	0.000579361977194
(80<=boson_pt&&boson_pt<100)	0.957389948912	0.000701307874668	28.2256511351	0.0435659894891	25.976230717	0.0400934601262	2.77978772223e-05	0.000645560071833
(100<=boson_pt&&boson_pt<120)	0.967732082804	0.000811704338521	29.3055119494	0.0618504800133	26.2139016282	0.0553223066924	0.000828097434575	0.000726014523858
(120<=boson_pt&&boson_pt<160)	0.978695939428	0.000730083683512	30.664860383	0.068856792071	26.2884972931	0.0590217986613	0.000597227557166	0.000623108614316
(160<=boson_pt&&boson_pt<200)	0.987376497253	0.000984690729842	32.1581546907	0.118646200306	26.2941319974	0.0969715361847	0.00022488337637	0.000782007824633
(200<=boson_pt&&boson_pt<300)	0.990707481509	0.000999357244779	34.4158080311	0.15513952697	26.5610538925	0.119600713098	-0.000214819436847	0.000736035272817
(300<=boson_pt)	0.992169601406	0.00154224724642	39.6131718287	0.343077285574	26.9588577327	0.23288905985	0.000379014456595	0.000968274788215
