(0<=boson_pt&&boson_pt<20)	0.693476517747	0.00385806214966	19.7923231759	0.012760345481	19.6652971344	0.0126784502856	-0.00287506330252	0.00384790778728
(20<=boson_pt&&boson_pt<40)	0.909810767422	0.00145455117937	20.4161321912	0.027280139087	19.9112787503	0.026605551366	0.0004800068473	0.00141957556892
(40<=boson_pt&&boson_pt<60)	0.930709721868	0.00190529730134	20.9731898508	0.063074786682	20.1448192916	0.0605835444492	0.000359527304415	0.00183161150464
(60<=boson_pt&&boson_pt<80)	0.937882784367	0.00310775439191	21.3683158188	0.147757939365	20.235682611	0.139925990873	-0.000747855576493	0.00295192813818
(80<=boson_pt&&boson_pt<100)	0.946481050344	0.00529030051541	23.2053067244	0.327999800048	20.2204415309	0.285809658014	-0.00299914482539	0.00459514792729
(100<=boson_pt&&boson_pt<120)	0.961687957624	0.00788633669216	24.1012365462	0.598159020896	20.5563341264	0.510179495175	-0.00250531011211	0.00670120622878
(120<=boson_pt&&boson_pt<160)	0.982683399649	0.00861136573614	24.934167144	0.819361176887	21.3047172562	0.700093895395	-0.00531688152276	0.00747462437896
(160<=boson_pt&&boson_pt<200)	0.972399415495	0.0176739886925	29.0981604326	2.21443812078	19.7093311515	1.49992623548	-0.0171702877375	0.01206302311
(200<=boson_pt&&boson_pt<300)	0.998242270911	0.018222598816	31.5254445551	3.03729923579	18.5526072704	1.78743934239	0.0042608655041	0.0117011121834
(300<=boson_pt)	1.01074282961	0.0949985706512	16.1068654607	17.4238742214	28.0907675815	30.3876630942	-0.0723787166578	0.123386214272
