(0<=boson_pt&&boson_pt<20)	0.654852896608	0.00167638681137	23.1203375297	0.00643814366195	22.9631828014	0.0063943814902	-0.00241946452934	0.00167324881427
(20<=boson_pt&&boson_pt<40)	0.796305483853	0.000682556205353	23.7230981587	0.012574036336	23.2081272446	0.0123010879647	0.000260285724983	0.000668963347942
(40<=boson_pt&&boson_pt<60)	0.830430279792	0.000923448983099	24.8342795687	0.0304834202897	23.5378553938	0.0288920939583	-0.000527762432705	0.00087807920587
(60<=boson_pt&&boson_pt<80)	0.871937578649	0.00152577300751	27.5602039713	0.0728209491467	24.1142749809	0.0637159432464	-6.25475519191e-05	0.00134171104583
(80<=boson_pt&&boson_pt<100)	0.909528452239	0.00240509322101	30.2747323003	0.149326975257	24.5760351867	0.121218743137	-0.00243117992834	0.00195164175329
(100<=boson_pt&&boson_pt<120)	0.937230886169	0.00341853917627	32.0433427561	0.261597920621	24.6654409858	0.201365635358	-0.00121267435117	0.0026386925878
(120<=boson_pt&&boson_pt<160)	0.943836201654	0.00428169025028	38.0372575785	0.403784352695	25.5726033586	0.271343584731	-0.00030817144037	0.00286755561666
(160<=boson_pt&&boson_pt<200)	0.93352246088	0.00849097170093	46.0868216754	1.01838450406	25.5345831628	0.563415191785	0.0058074688799	0.00457576136876
(200<=boson_pt&&boson_pt<300)	0.902628941182	0.0143436132758	46.9396022467	1.67215409384	26.2190393444	0.908981641824	-0.0070500138963	0.00568083444541
(300<=boson_pt)	0.759497752977	0.0670678933426	37.409945572	4.60484597792	26.1268780343	2.78513455653	0.0097136977272	0.0115125151554
