(0<=boson_pt&&boson_pt<20)	0.674138199222	0.00366017710513	19.7214408157	0.0120584981807	19.5614151539	0.0119606440605	-0.00289112977095	0.00365309447983
(20<=boson_pt&&boson_pt<40)	0.855673031444	0.00147302056694	20.3038386674	0.0271100902859	19.8713291703	0.0265325949802	-0.000621804933501	0.00144088040592
(40<=boson_pt&&boson_pt<60)	0.867674448222	0.00249544112231	20.8595193897	0.0815819955528	19.979016757	0.0781383322294	0.00172915590231	0.0023911177657
(60<=boson_pt&&boson_pt<80)	0.860697961643	0.00568218631945	22.1712732469	0.266057809875	20.2896699141	0.243478355091	-0.00322385781686	0.00520458846788
(80<=boson_pt&&boson_pt<100)	0.892417810239	0.0131356199705	25.1397631806	0.816176811384	20.5748261442	0.667973515762	-0.0120206361766	0.010881727937
(100<=boson_pt&&boson_pt<120)	0.911156521208	0.0245448558115	29.2792229198	1.85376173917	20.5447252529	1.30075260945	0.00670749459261	0.0173429542917
(120<=boson_pt&&boson_pt<160)	0.99441419466	0.0216380279602	22.6891138469	2.06811903088	20.129103711	1.83477339575	-0.00520290219432	0.0201509943543
(160<=boson_pt&&boson_pt<200)	0.947028783852	0.0340602450976	21.5641650078	4.36838633795	22.3077320517	4.519015315	-0.0292463398889	0.0373363533304
(200<=boson_pt&&boson_pt<300)	0.963545517928	0.0470664930968	28.0115816079	7.44944107781	18.3037832092	4.86773494003	0.00191546265686	0.0306037158739
(300<=boson_pt)	0.91285523836	0.0602194728214	31.139550556	16.2006886906	27.2899680757	14.1979016805	-0.0421934258128	0.0598220992709
