(0<=boson_pt&&boson_pt<20)	0.923123844117	0.0158636863477	26.0767900548	0.0729992810434	25.8962244025	0.0724943742584	-0.0100536295123	0.0159247765211
(20<=boson_pt&&boson_pt<40)	1.08897777363	0.0028222287542	24.4656617728	0.0571237946492	23.9879217619	0.0560095619371	-0.00511565000615	0.00278060762714
(40<=boson_pt&&boson_pt<60)	1.04033028277	0.00147893230888	23.7901564159	0.0509629701682	23.0818056744	0.0494453233264	0.000319606319634	0.00143221735313
(60<=boson_pt&&boson_pt<80)	1.0038587518	0.00118885106742	24.0713184159	0.0576112911597	22.7137567045	0.0543615367086	0.00025893174822	0.00112298014343
(80<=boson_pt&&boson_pt<100)	0.991564072043	0.00121437477131	24.5939536896	0.0758487617568	22.7320332774	0.0701058560545	-0.000172412316389	0.00112268827935
(100<=boson_pt&&boson_pt<120)	0.984811617154	0.00139902766453	25.7827435944	0.106647758697	23.0588588127	0.0953741526631	0.00399099723843	0.00124272570587
(120<=boson_pt&&boson_pt<160)	0.987708148126	0.0012653067526	26.9205309098	0.120784251218	22.7981558944	0.102282228982	-0.00133652598609	0.00107360972449
(160<=boson_pt&&boson_pt<200)	0.990656759375	0.0018330454107	29.0562035504	0.223496033854	22.8639298402	0.175855573307	-0.00181278955667	0.00142040946773
(200<=boson_pt&&boson_pt<300)	0.993603635774	0.00201207998831	32.059255012	0.320112740597	23.0274938317	0.2298157655	0.00273704744644	0.00142045870109
(300<=boson_pt)	0.998081942377	0.00329807217486	38.0328736935	0.814574657226	22.1585868774	0.473933035021	0.000773547586332	0.00185813287918
