(0<=boson_pt&&boson_pt<20)	0.928376867381	0.0304784902261	25.1526119655	0.12717015569	25.0396858938	0.126592769954	-0.00259515206019	0.0302084865989
(20<=boson_pt&&boson_pt<40)	1.08509992118	0.0052156060078	22.6163704326	0.10527824134	22.594801488	0.105177838821	-0.00112845651458	0.00516360046599
(40<=boson_pt&&boson_pt<60)	1.0516124393	0.00262490382005	21.7986161224	0.0906266620705	21.1365851634	0.0878730887362	-0.00385195595386	0.00254027195272
(60<=boson_pt&&boson_pt<80)	1.00911813236	0.00204715926017	21.8639038435	0.0993426604639	20.5236019353	0.0932527527175	0.00405128296835	0.00191919905007
(80<=boson_pt&&boson_pt<100)	0.993615558867	0.00217703704168	22.8574426009	0.13650612839	20.619920118	0.123143499129	-0.00136234239871	0.00196670253432
(100<=boson_pt&&boson_pt<120)	0.989085987606	0.00246312809965	23.1904907148	0.189219681261	20.130754094	0.164254172973	-0.000414073018688	0.00214286837417
(120<=boson_pt&&boson_pt<160)	0.989690124461	0.00229729952818	25.0155263575	0.219673091992	20.7538354558	0.182249181573	8.88021101242e-05	0.00190309699886
(160<=boson_pt&&boson_pt<200)	0.997531081378	0.00321642617639	26.1090653937	0.397350601689	20.4852605828	0.311709454389	-0.00191001515374	0.0025024071698
(200<=boson_pt&&boson_pt<300)	1.00086526598	0.00333605555104	28.8729475552	0.547926943509	20.6454987163	0.391793217066	0.00044954635343	0.00240037494274
(300<=boson_pt)	1.00593679687	0.00494405977782	33.9160095684	1.2353416492	21.1026730787	0.767106589714	0.00307778138144	0.00309142456072
