(0<=boson_pt&&boson_pt<20)	0.944108514026	0.0318271368421	24.3191627698	0.134757492629	24.0641686209	0.133341225002	0.00616386169241	0.0320058196402
(20<=boson_pt&&boson_pt<40)	1.07025605061	0.00528868427209	22.2835440884	0.108922032721	22.1874854238	0.10845249767	0.00335564231052	0.00527471561109
(40<=boson_pt&&boson_pt<60)	1.04606212113	0.00274018494152	21.8949741471	0.0950124126265	21.3620537049	0.0926998245136	-0.00112203099675	0.00266722070681
(60<=boson_pt&&boson_pt<80)	1.01149528339	0.00217506849448	22.2402559785	0.105472755581	21.0585002521	0.0998687553982	-0.00454488009685	0.00206390364428
(80<=boson_pt&&boson_pt<100)	0.998804519605	0.00222412315794	22.9362483522	0.139725405701	21.0487838414	0.128227154529	0.00215561226488	0.00204284825785
(100<=boson_pt&&boson_pt<120)	0.997557023299	0.00248103680674	23.5320157814	0.191184421067	21.2906995481	0.172974984592	0.00143628979943	0.00224734970633
(120<=boson_pt&&boson_pt<160)	0.997078367959	0.00219547225294	24.8766266571	0.211291557655	21.3495167722	0.181333776325	-0.000387702608034	0.00189425562682
(160<=boson_pt&&boson_pt<200)	0.997184566339	0.0028695921024	26.7929697017	0.359864616401	21.819351558	0.293099110116	0.000619016096762	0.00235340886817
(200<=boson_pt&&boson_pt<300)	0.998923165617	0.00286767694384	28.4367405852	0.459969827945	22.0765876693	0.35693642226	-0.000463922275375	0.00219465051664
(300<=boson_pt)	1.00183260785	0.00386434441821	34.0425384571	0.978300454642	21.5930970902	0.620295070319	0.00446332859088	0.00241871383919
