(0<=boson_pt&&boson_pt<20)	0.681711125142	0.00353070338552	20.0983813092	0.0118155275306	19.9208444209	0.011711149057	0.00110684007	0.00352133444974
(20<=boson_pt&&boson_pt<40)	0.911207705551	0.00131790372738	20.9687718244	0.0249674550651	20.4285584452	0.024324255589	0.000438707679389	0.00128436756293
(40<=boson_pt&&boson_pt<60)	0.963238191525	0.00146820117905	21.6848416103	0.0494087275559	20.6287926625	0.047002325886	-0.00209807040503	0.00139749427886
(60<=boson_pt&&boson_pt<80)	0.980019304812	0.00168241534381	22.647146722	0.0810614648007	20.9471548151	0.0749766437937	0.0021093819016	0.00155486856278
(80<=boson_pt&&boson_pt<100)	0.984456402064	0.00196084161392	23.7412512572	0.122783987229	21.2611082925	0.109959868531	-0.000348143978661	0.00176202402501
(100<=boson_pt&&boson_pt<120)	0.989305735675	0.00224659246274	24.2836588437	0.172640303746	21.1479957449	0.150347871073	0.000909516382079	0.00195810554829
(120<=boson_pt&&boson_pt<160)	0.992732739145	0.00203306711646	26.0333130665	0.194847175035	21.9143261508	0.164018484023	9.89207277605e-05	0.00171029827586
(160<=boson_pt&&boson_pt<200)	0.99704911191	0.00270761418566	27.356577903	0.334544803948	22.419187028	0.274114564391	0.00199764170487	0.00219771470395
(200<=boson_pt&&boson_pt<300)	0.999474826482	0.00272608404138	29.8503776161	0.449074783623	22.4849621617	0.338268066402	-0.000961775831501	0.00207031002961
(300<=boson_pt)	1.00590223084	0.00358665813829	34.4623562619	0.933614351372	24.6518586743	0.666871100954	0.00116182730076	0.002594507387
