(0<=boson_pt&&boson_pt<20)	0.695120861792	0.0038824411397	20.0216760935	0.012908212027	19.886617501	0.0128211381507	-0.00321710067481	0.00387022329386
(20<=boson_pt&&boson_pt<40)	0.912538774284	0.00147497639742	20.7138493046	0.0276779501996	20.1523393939	0.0269276578172	0.000363631697818	0.00143651735448
(40<=boson_pt&&boson_pt<60)	0.930859525601	0.00193976881738	21.3537310654	0.0642192266123	20.399042738	0.06134809623	0.000455970166501	0.00185450715756
(60<=boson_pt&&boson_pt<80)	0.936749471629	0.00317214874738	21.8144556729	0.150842913682	20.500627043	0.141758032464	-0.000364743401236	0.00299096767644
(80<=boson_pt&&boson_pt<100)	0.946682786079	0.005449293291	23.9098223394	0.337957909355	20.5025852945	0.289797672444	-0.00142579583524	0.00465808519253
(100<=boson_pt&&boson_pt<120)	0.960216195886	0.00811312720498	24.7853850887	0.615138631943	20.7987029216	0.516194750075	-0.00225115887414	0.00678092901077
(120<=boson_pt&&boson_pt<160)	0.983693788127	0.00892466527974	25.8136213715	0.848260904989	21.5835320773	0.709256023758	-0.00612774062066	0.00757313639742
(160<=boson_pt&&boson_pt<200)	0.970969156555	0.0180490335998	29.7325825874	2.26271913179	19.5731059955	1.48955918224	-0.0159988969664	0.0120047569558
(200<=boson_pt&&boson_pt<300)	0.995717167873	0.01932565107	33.2886858792	3.20717761822	19.2159147362	1.85134528527	0.0035699051116	0.0120579770505
(300<=boson_pt)	1.01612810327	0.0931280716138	23.9299243273	25.8866005073	24.7740236911	26.7997192753	-0.0710915177411	0.105651047336
