(0<=boson_pt&&boson_pt<20)	0.799422811784	0.0207562025255	23.6832176445	0.0875987779747	23.0681741252	0.0853238733773	0.000112050726847	0.0207409603699
(20<=boson_pt&&boson_pt<40)	1.11220995376	0.00357007874389	21.8843098015	0.0730466068629	20.7701569804	0.0693277286416	-0.00459125310899	0.00341949362183
(40<=boson_pt&&boson_pt<60)	1.08704775286	0.00179289483292	20.9857343203	0.0620283243886	19.2785426107	0.0569831437568	0.00375985402958	0.00164791917612
(60<=boson_pt&&boson_pt<80)	1.05233701845	0.00143343569166	21.0886320881	0.0694933839683	19.0094751717	0.0626419367375	-0.000738605348456	0.00129113880657
(80<=boson_pt&&boson_pt<100)	1.03414915012	0.00152655153622	22.2487065193	0.0956660852475	18.9354056751	0.0814207045906	-3.86120507347e-05	0.00129872186821
(100<=boson_pt&&boson_pt<120)	1.03114092724	0.00171667342467	23.0079168449	0.131851582386	19.1574040797	0.109785429918	-0.000487854211637	0.00142852530786
(120<=boson_pt&&boson_pt<160)	1.02895643614	0.00154174672131	24.7631221054	0.147973591487	19.5249907178	0.116676327474	0.000461805709738	0.00121711571956
(160<=boson_pt&&boson_pt<200)	1.02640895157	0.00206738844482	27.106900964	0.258590242997	20.2717370654	0.193385198134	0.00205035900756	0.00154761557512
(200<=boson_pt&&boson_pt<300)	1.02138641666	0.00215298608321	29.8775929382	0.354312803913	20.5637235477	0.243837053526	-0.000703471436125	0.00148351248309
(300<=boson_pt)	1.01719408224	0.00322607715711	35.8012761968	0.804703163692	22.4604297592	0.504298598201	-0.000945683149326	0.00196056868835
