(0<=boson_pt&&boson_pt<20)	0.868128656131	0.00988220692147	25.9242407507	0.0401090496774	25.5040823389	0.0394589957463	0.0113291610559	0.00979589519611
(20<=boson_pt&&boson_pt<40)	1.15228252268	0.00128937750439	19.5405033881	0.026043241293	19.1865269812	0.0255714677264	-0.00144475270767	0.00126596182324
(40<=boson_pt&&boson_pt<60)	1.05482406025	0.000778788541238	18.9478907167	0.0266568930723	17.7185215949	0.0249273516834	-0.000968609482184	0.000731971078302
(60<=boson_pt&&boson_pt<80)	1.01837347658	0.000806832076884	20.260075901	0.0389886176027	17.4474705168	0.0335760220958	0.00130052512965	0.000696639229421
(80<=boson_pt&&boson_pt<100)	1.01072153756	0.00095560366296	21.5942045561	0.0597447731982	17.5163299592	0.0484625010363	0.000680219750048	0.000776269092206
(100<=boson_pt&&boson_pt<120)	1.00811713669	0.00118258808518	23.1024395995	0.0907998349833	17.7243926389	0.0696624233065	-0.000130112524634	0.000908921831917
(120<=boson_pt&&boson_pt<160)	1.00935171471	0.00112547151482	24.6181728519	0.107661832731	17.9169748721	0.0783546536824	0.000501992081505	0.000823277615239
(160<=boson_pt&&boson_pt<200)	1.0127288503	0.00168383856377	26.931123688	0.209929907277	17.8354318543	0.139037955087	-0.000744389842749	0.00111838760802
(200<=boson_pt&&boson_pt<300)	1.01080262309	0.00179180472638	29.6532659367	0.292678936467	18.4496635897	0.182105331285	0.00313448382025	0.00111714880793
(300<=boson_pt)	1.01686687378	0.00293280754019	35.6786126713	0.764967052515	19.1193647266	0.409992077645	0.00097915704288	0.00167477298597
