(0<=boson_pt&&boson_pt<20)	0.537036444819	0.000672243431661	14.7629676011	0.00234139699535	14.2417792481	0.00225873686382	0.000350678283254	0.000668043854651
(20<=boson_pt&&boson_pt<40)	0.739945448636	0.000297347098368	17.3814277438	0.00551535672635	15.4778288584	0.0049113176651	5.51068819709e-05	0.00026666675691
(40<=boson_pt&&boson_pt<60)	0.783230112051	0.000454551813671	20.2374034808	0.0150928347311	16.6095306952	0.0123871998969	0.000224049500209	0.000375396342234
(60<=boson_pt&&boson_pt<80)	0.830538294059	0.000806987663428	23.9492378799	0.0385263090476	17.6364808092	0.0283709752536	0.000234539795719	0.00059613057539
(80<=boson_pt&&boson_pt<100)	0.876523868812	0.00130701716576	27.4216898954	0.0811583914779	18.5388030148	0.0548682243269	-0.000145676337067	0.000886155798627
(100<=boson_pt&&boson_pt<120)	0.906439070482	0.00190911359698	30.4542205052	0.146357023953	18.7087087862	0.0899145465756	0.000711795510653	0.00118203567213
(120<=boson_pt&&boson_pt<160)	0.924876476894	0.00220740573187	35.452644268	0.211605731475	19.2111454079	0.114669396075	0.00152107881607	0.00121597107111
(160<=boson_pt&&boson_pt<200)	0.924392555405	0.00418853523089	42.7666957087	0.504080358432	19.4437150673	0.228765421092	-0.000500590539419	0.00184929028736
(200<=boson_pt&&boson_pt<300)	0.921481822108	0.00596967698403	39.7219508759	0.722336693017	19.296770501	0.345689276178	-0.00242338044374	0.00214764502318
(300<=boson_pt)	0.913093631255	0.0220932888301	40.0843140791	2.50526962994	19.5966063651	1.18821879334	-0.00248748349862	0.00502279179144
