(0<=boson_pt&&boson_pt<20)	0.558519156159	0.00229784385216	15.9452230025	0.00743489693296	15.4404649418	0.00719953966283	-0.000270347963694	0.00227964675033
(20<=boson_pt&&boson_pt<40)	0.892455127291	0.000933957912449	18.2337852795	0.0176126653427	16.5353381167	0.0159720744824	0.000396548739895	0.000847966102992
(40<=boson_pt&&boson_pt<60)	0.934772156608	0.00124192061845	19.1697043458	0.0412086990776	16.9767718759	0.0364945995475	-0.000185259372235	0.00110294523052
(60<=boson_pt&&boson_pt<80)	0.940262215959	0.00212828018668	20.7962412719	0.101335307383	17.4668204762	0.0851118045235	-0.0018038273077	0.00179139925918
(80<=boson_pt&&boson_pt<100)	0.946750581876	0.00367340877116	22.6875581932	0.227723532476	18.0572326348	0.18124721785	0.00048822520522	0.00291060746927
(100<=boson_pt&&boson_pt<120)	0.968745231937	0.00598984100893	24.9507396529	0.456399392337	18.8738015954	0.345239928718	-0.00216746939589	0.00453924627895
(120<=boson_pt&&boson_pt<160)	0.970214601069	0.00626270578445	26.145659407	0.594815599274	18.6110463452	0.423402619632	0.0028556998567	0.00448431750871
(160<=boson_pt&&boson_pt<200)	0.975069640729	0.0111599420356	28.5039908023	1.38883243776	18.7875322857	0.915406352915	0.00639411750078	0.00756480753321
(200<=boson_pt&&boson_pt<300)	0.969960136317	0.0181839057443	34.9861331543	2.79121059446	16.4254321795	1.30776478265	-0.00279342326423	0.00826116999514
(300<=boson_pt)	0.98395694893	0.0293849396718	32.179700901	6.63813562896	18.3134434263	3.77775796212	-0.0147370105604	0.0154874666435
