(0<=boson_pt&&boson_pt<20)	1.05265713043	0.00992174618127	22.5153302188	0.0454039770065	22.0423091397	0.0444500918985	-0.0128893300461	0.00982948730292
(20<=boson_pt&&boson_pt<40)	1.16207742659	0.00123701249003	19.2637703315	0.0254668006258	18.7899892138	0.0248404958596	1.10469435548e-05	0.00120919986989
(40<=boson_pt&&boson_pt<60)	1.04723919652	0.000785666695915	19.520227975	0.026865933653	17.9573584263	0.0247149367662	0.000770372000948	0.000726355542614
(60<=boson_pt&&boson_pt<80)	1.02060786679	0.000839855103111	21.029611182	0.040550628571	17.9607953283	0.0346331434229	0.00124571945282	0.000718774218899
(80<=boson_pt&&boson_pt<100)	1.01596425037	0.000986602459932	22.1413333237	0.0616899025501	18.1741342597	0.0506365427511	0.00149519525912	0.000811928840633
(100<=boson_pt&&boson_pt<120)	1.0165933259	0.00120594643137	23.3798923333	0.0925103615161	18.4202908575	0.0728852643728	0.00123887834343	0.000950717905126
(120<=boson_pt&&boson_pt<160)	1.02032383826	0.00112730252569	24.8188541175	0.107682179187	18.2095636234	0.0790062862577	-0.0003253988349	0.000827541797731
(160<=boson_pt&&boson_pt<200)	1.01786688229	0.00163666336502	27.1920908918	0.203469747679	18.6603204451	0.139617887125	-0.000145168521533	0.0011238142182
(200<=boson_pt&&boson_pt<300)	1.01787075108	0.00179269516293	29.8647554094	0.29281767302	18.6366468975	0.182706144409	-0.00228659017477	0.00112484963567
(300<=boson_pt)	1.01395411953	0.00313657083621	38.0578515361	0.79287707551	18.9234829594	0.393463994132	0.00118873572349	0.00156031277879
