(0<=boson_pt&&boson_pt<20)	0.551337977873	0.00124370345214	15.6256577877	0.00441490635202	15.1132227894	0.00427012188536	-0.0003897997394	0.00123559248511
(20<=boson_pt&&boson_pt<40)	0.82608643317	0.000524489066673	18.4972404085	0.00984259249753	16.5787989118	0.00882176790614	-0.000490771257804	0.000471564535306
(40<=boson_pt&&boson_pt<60)	0.895024118156	0.000624340135781	20.0956508726	0.020810222579	17.3725423312	0.0179903036066	0.000398117980963	0.000541159058033
(60<=boson_pt&&boson_pt<80)	0.896821954166	0.000983400995689	22.5166996811	0.0469440335156	18.3533810556	0.0382636226855	0.00127592663993	0.000803923561309
(80<=boson_pt&&boson_pt<100)	0.902452306731	0.00167425646818	26.1566765645	0.10407696652	19.5377191698	0.0777402488	0.000330244248605	0.00125218619678
(100<=boson_pt&&boson_pt<120)	0.918290837493	0.00276354107511	29.8902345628	0.211599354845	19.9536953565	0.141256471419	-0.00301638671838	0.00185649079341
(120<=boson_pt&&boson_pt<160)	0.934223426262	0.00350531346246	34.4916401553	0.330734307425	20.982270817	0.201158338789	-0.00154938986454	0.00213419029656
(160<=boson_pt&&boson_pt<200)	0.938336139884	0.0071933550323	40.4714733722	0.842059975889	19.9810344154	0.414476494306	0.00135387099521	0.00337024064438
(200<=boson_pt&&boson_pt<300)	0.939230085637	0.0113148091385	42.9728559735	1.4569162641	20.5972382362	0.691198058146	0.00353828557501	0.00436139716971
(300<=boson_pt)	0.917928791707	0.0488077909232	37.1069913145	4.43513376254	20.4388519376	2.34449710836	-0.0132711769559	0.00971389017211
