(0<=boson_pt&&boson_pt<20)	0.895533635572	0.00947865258767	24.0090438441	0.0452014770686	23.9177430772	0.0450295864449	-0.00547329511305	0.00946924652568
(20<=boson_pt&&boson_pt<40)	0.961664949605	0.00139108532659	22.9395473299	0.0287497862511	22.6895933308	0.0284364905905	0.00214972950236	0.00137729404139
(40<=boson_pt&&boson_pt<60)	0.907987207453	0.000872394011373	23.0165753596	0.0298530744363	22.475865698	0.0291517604693	0.000820995241977	0.000854259445868
(60<=boson_pt&&boson_pt<80)	0.901352729878	0.000865079688017	23.7482848351	0.0418155553528	22.6468834693	0.0398761410491	0.000918209524596	0.000825561105693
(80<=boson_pt&&boson_pt<100)	0.902548491831	0.000950221497372	24.5566423381	0.0595111920148	22.798896689	0.0552514264738	3.14614443506e-05	0.000883278717032
(100<=boson_pt&&boson_pt<120)	0.904870291367	0.00109187915231	25.3528181771	0.0838894863178	23.1030269906	0.076445434351	0.000947352372612	0.00099609325485
(120<=boson_pt&&boson_pt<160)	0.907167473963	0.000954792917679	26.4405505278	0.0915748096883	23.3378291716	0.0808287733146	0.00092839336264	0.000845569222252
(160<=boson_pt&&boson_pt<200)	0.911502601907	0.00128734070647	28.2591125541	0.160589880009	23.3006958807	0.13240954224	0.000218989145612	0.00106370000177
(200<=boson_pt&&boson_pt<300)	0.914260031562	0.00128678088084	30.9422487094	0.211994642891	24.2864551706	0.166399794972	0.000891020126098	0.0010178827925
(300<=boson_pt)	0.915955808701	0.00190024457894	37.6073384629	0.488853018777	25.0699491139	0.325436941404	-0.000171078040764	0.0012810506864
