(0<=boson_pt&&boson_pt<20)	0.596736134016	0.000952129301386	22.0863648707	0.00350288300725	21.9923820439	0.00348797739247	-0.00105824555669	0.000951942073901
(20<=boson_pt&&boson_pt<40)	0.703249540021	0.000388443838001	22.5032622805	0.00714057963629	22.176494515	0.00703689194767	-0.00177533144616	0.000384132582859
(40<=boson_pt&&boson_pt<60)	0.703197424025	0.000527231446359	23.3706285799	0.0174295404386	22.4748175451	0.0167614644078	-0.00111278789188	0.000509352137445
(60<=boson_pt&&boson_pt<80)	0.710054289859	0.000847998630338	25.1589784682	0.0404721673425	22.8817022095	0.0368087156486	-0.00147371045611	0.000775131738307
(80<=boson_pt&&boson_pt<100)	0.725701034279	0.00131759935587	27.6885692203	0.0819475409837	23.2763754017	0.0688891402083	0.00035991007077	0.00111121367457
(100<=boson_pt&&boson_pt<120)	0.747562406955	0.00189642061783	30.2623103397	0.145434741254	23.3519341089	0.112224825427	-0.000982132214673	0.0014681637526
(120<=boson_pt&&boson_pt<160)	0.764018705133	0.00218476275748	34.9987744055	0.20892649873	23.601146159	0.140872869331	-0.00327255124813	0.00149010900367
(160<=boson_pt&&boson_pt<200)	0.772936673106	0.004082832024	40.9529258127	0.4833739121	23.5063412868	0.276564331671	-0.00110733013552	0.00223682266681
(200<=boson_pt&&boson_pt<300)	0.785739755728	0.00571697390356	41.2859713661	0.750034417614	24.0360529155	0.430590483215	0.00424236438799	0.00266364224085
(300<=boson_pt)	0.813176651439	0.0211175677986	47.691857018	2.98074106363	23.8712684172	1.4474082515	0.00302716380602	0.00609114470579
