(0<=boson_pt&&boson_pt<20)	0.786280479817	0.019528470467	22.8767797846	0.0771884592622	22.8380627176	0.0770578241475	-0.00908132494654	0.019438709664
(20<=boson_pt&&boson_pt<40)	0.9660197745	0.00328852129098	21.1532179577	0.0671907759111	20.8386677739	0.066191643252	0.000356965318445	0.00324756934456
(40<=boson_pt&&boson_pt<60)	0.941201428461	0.00167355774738	20.6714162146	0.0580130250335	19.8990552235	0.0558454426555	-0.00281208053181	0.00161572338445
(60<=boson_pt&&boson_pt<80)	0.915106597251	0.00135046184402	20.777359066	0.065524736994	19.5411378805	0.0616261150474	0.00220606686793	0.00127179107912
(80<=boson_pt&&boson_pt<100)	0.903902131245	0.00143329480459	21.6765565137	0.0898657156752	19.5111351375	0.0808884068676	-0.000603942740364	0.00129295472359
(100<=boson_pt&&boson_pt<120)	0.905632545215	0.00167684521642	22.4313874909	0.128806076672	19.7040903424	0.113145322483	-0.00130644857233	0.00147403389703
(120<=boson_pt&&boson_pt<160)	0.902907065555	0.00155821537795	24.0185615783	0.148848586522	19.499967261	0.12084581146	0.00137268206765	0.00126770576643
(160<=boson_pt&&boson_pt<200)	0.907827208777	0.00221984449627	25.957117738	0.277661321009	19.5864586425	0.209514863533	0.00155153155494	0.0016835088284
(200<=boson_pt&&boson_pt<300)	0.913705503826	0.00231319445456	28.1751544173	0.379883201452	19.6778217698	0.265314390856	0.000229773903739	0.00162397788544
(300<=boson_pt)	0.923888843096	0.00448196693129	37.6016750798	1.14215319802	19.0579209861	0.578053218616	-0.000408851580114	0.00228862097832
