(0<=boson_pt&&boson_pt<20)	0.631311602173	0.00153476154037	18.8257103306	0.00531905595585	18.727581046	0.00529133030053	0.000248688215519	0.00153421974773
(20<=boson_pt&&boson_pt<40)	0.757994106435	0.000551814361427	19.345488909	0.0102939581097	18.962716862	0.0100902778251	-0.000321687955264	0.000542363390357
(40<=boson_pt&&boson_pt<60)	0.779338180534	0.00062386408652	20.066231937	0.0207797575494	19.1491559868	0.0198300929964	-0.000519236172149	0.000597866642632
(60<=boson_pt&&boson_pt<80)	0.773036971423	0.000939475961089	21.4943003055	0.0448120904312	19.580895356	0.0408227775296	-0.0016072031041	0.000858445609209
(80<=boson_pt&&boson_pt<100)	0.770849201439	0.00152098131101	23.7451821025	0.0944816714995	20.0910994424	0.0799421393944	-0.00186801172598	0.0012896489767
(100<=boson_pt&&boson_pt<120)	0.779395012061	0.00248617465264	26.8962143017	0.190404045912	20.3195205005	0.143846225751	-0.00267489241438	0.00188936697846
(120<=boson_pt&&boson_pt<160)	0.796680488283	0.00326594016985	32.2003405167	0.308735050254	21.2355048316	0.203586109079	0.000132505275817	0.00215857901674
(160<=boson_pt&&boson_pt<200)	0.804998151094	0.006553878286	37.5496761827	0.780592759892	20.3369337539	0.421859090577	0.00199503205088	0.00341624637226
(200<=boson_pt&&boson_pt<300)	0.807686954869	0.0102480974544	40.6035831575	1.37659039277	21.7005843145	0.728223928217	-0.008711046223	0.00461493946148
(300<=boson_pt)	0.829399432499	0.0439840626907	40.6367601036	4.85702182665	16.9711226957	1.94672128393	0.0117133297673	0.0080767733022
