(0<=boson_pt&&boson_pt<20)	0.911798567932	0.00441737315343	24.6031711512	0.0228628534491	24.4726158318	0.0227414937499	-0.00425364672974	0.00439181718938
(20<=boson_pt&&boson_pt<40)	0.938706161113	0.000688243802624	23.4872933817	0.0141371463142	23.2758052053	0.014009814751	0.00220159380692	0.000682998242427
(40<=boson_pt&&boson_pt<60)	0.87768754183	0.000426151198709	23.7011271319	0.0145859414782	23.0347620225	0.0141758152777	0.000231169820083	0.000415298602757
(60<=boson_pt&&boson_pt<80)	0.861937353537	0.000422502851684	24.5873105895	0.0204130478013	23.2768161813	0.0193250133893	6.15839582311e-05	0.00040089142253
(80<=boson_pt&&boson_pt<100)	0.862201712895	0.0004900370408	25.7648220764	0.0306191650676	23.5692619139	0.0280100191413	0.000238561952953	0.000449260597343
(100<=boson_pt&&boson_pt<120)	0.868083876428	0.000594460173935	26.857005172	0.0455275416952	23.6544917908	0.0400974276211	0.000762103261145	0.000523124653421
(120<=boson_pt&&boson_pt<160)	0.875892162749	0.000562519983788	28.4492674343	0.0536576187446	23.763232299	0.0448179427186	-0.000296760130711	0.000471083418132
(160<=boson_pt&&boson_pt<200)	0.88432276353	0.000821647773717	30.5103736494	0.101397507899	23.8675322187	0.0793076960773	0.000851519953728	0.000638255503017
(200<=boson_pt&&boson_pt<300)	0.893843080177	0.000927036394739	33.7269665565	0.14776903226	24.3525631375	0.106618915242	0.000855580460753	0.000656120242386
(300<=boson_pt)	0.898570532284	0.00181779535358	43.4654701595	0.439291738461	24.5224291904	0.247059346075	-0.000326866909696	0.000990805355211
