(0<=boson_pt&&boson_pt<20)	0.707610875074	0.0190888760274	18.4530512009	0.0719841985551	18.0367237607	0.0703601312511	0.0105418314481	0.0190205210106
(20<=boson_pt&&boson_pt<40)	0.980299331894	0.00306498160749	17.6409452036	0.0629557326558	16.4283469084	0.0586282993347	-0.00222532952618	0.00288999537138
(40<=boson_pt&&boson_pt<60)	0.96262094522	0.0015441296799	17.1851017132	0.0535446186458	15.1534870225	0.0472145988612	0.0034011569467	0.00136557036792
(60<=boson_pt&&boson_pt<80)	0.936117333636	0.00125175052953	17.5049347952	0.0608154064147	14.9766811819	0.0520317820933	-0.00112317942627	0.0010732486825
(80<=boson_pt&&boson_pt<100)	0.919464825543	0.00137522388754	18.6508541887	0.0862148517752	14.8077605987	0.0684498882583	0.00129313880549	0.0010940769677
(100<=boson_pt&&boson_pt<120)	0.917342967936	0.00161467134135	19.5915943251	0.124131021974	14.7997868807	0.093770452778	0.000261772682407	0.00121898373501
(120<=boson_pt&&boson_pt<160)	0.918105661852	0.00150736228674	21.1901262925	0.144479587303	15.0653473567	0.102719310807	0.000393476436584	0.00107438906173
(160<=boson_pt&&boson_pt<200)	0.921452593363	0.00226336096329	24.2766758039	0.282276972977	15.260829793	0.177445251314	0.00257275514866	0.0014204353463
(200<=boson_pt&&boson_pt<300)	0.922522340725	0.00251136255046	26.4518035058	0.413095263378	15.6079254627	0.243747466156	-0.00102604606887	0.00150166681798
(300<=boson_pt)	0.925836264788	0.00442954965131	32.5722936408	1.09904846828	15.3299619182	0.516989528544	0.00180815322444	0.00205237072268
