(0<=boson_pt&&boson_pt<20)	0.510443612127	0.00196468313153	12.4004153819	0.00578203329464	11.9059542875	0.00555147726704	-0.00113550928812	0.00194493104212
(20<=boson_pt&&boson_pt<40)	0.751903594614	0.000735398914447	14.4293021293	0.0139377789985	12.842311641	0.0124048481263	0.000414107176782	0.000657900407606
(40<=boson_pt&&boson_pt<60)	0.781177520526	0.00100845964736	15.6207398591	0.0335795668317	13.2579394825	0.0285003059342	-0.000209553779448	0.000860871773592
(60<=boson_pt&&boson_pt<80)	0.772498755217	0.00173236318541	16.987831227	0.0827777999227	13.7684002315	0.0670902520984	-0.00144288452497	0.00141130738452
(80<=boson_pt&&boson_pt<100)	0.768860078603	0.00303817751576	18.8339805417	0.189043727977	14.3132335104	0.143667294135	0.000703679574684	0.00230676033968
(100<=boson_pt&&boson_pt<120)	0.785213604789	0.00507012528121	21.1620135695	0.387095944573	15.1354966496	0.276858785339	-0.000879629920791	0.00363974876345
(120<=boson_pt&&boson_pt<160)	0.790682790889	0.00558655684707	23.2417310181	0.528751023198	14.6111239552	0.332404102576	0.00330353713736	0.00351802999803
(160<=boson_pt&&boson_pt<200)	0.811904325455	0.010658043286	27.1776262024	1.32420646333	14.2488712966	0.694263999571	0.00767601700651	0.00570150442408
(200<=boson_pt&&boson_pt<300)	0.821832576369	0.0181489037371	35.2672282511	2.813636497	13.1126004678	1.04400279477	-0.00112676232677	0.00674568136532
(300<=boson_pt)	0.884146076783	0.0329877997189	35.0322700183	7.22657306504	16.255400826	3.35321809604	-0.00265693177754	0.0133081434888
