(0<=boson_pt&&boson_pt<20)	0.732708119296	0.00795120495552	18.533710864	0.0337919583472	18.0219152209	0.0328589259568	-0.00292117860752	0.00781938779397
(20<=boson_pt&&boson_pt<40)	0.930438061358	0.00142164957272	18.6178140519	0.0288370112012	17.1908976691	0.0266269335684	0.000366067908052	0.0013240283728
(40<=boson_pt&&boson_pt<60)	0.921992381004	0.000759386175404	18.3728094501	0.026238464971	16.1977721169	0.0231321695172	0.000324391325152	0.000671286769077
(60<=boson_pt&&boson_pt<80)	0.89508826417	0.000624331145479	18.6597416862	0.0303012127306	15.9497082671	0.0259003025041	0.000154554864325	0.000535160808244
(80<=boson_pt&&boson_pt<100)	0.882492017278	0.000671824043362	19.8720576328	0.042047684216	16.055840193	0.0339724171125	0.000662612550243	0.000543450554713
(100<=boson_pt&&boson_pt<120)	0.87678669175	0.000800851730657	21.3121051191	0.0615155717394	16.3478167709	0.0471861841622	0.000159737248967	0.000614831463116
(120<=boson_pt&&boson_pt<160)	0.879079998055	0.000759822288611	23.172146516	0.0723155669173	16.3134357388	0.0509094349739	0.000327517725785	0.000539207574664
(160<=boson_pt&&boson_pt<200)	0.885481108347	0.00113937812862	25.6592798316	0.140675368871	16.3407375565	0.0895762848563	0.00051552128163	0.000736003327452
(200<=boson_pt&&boson_pt<300)	0.890604881728	0.00130596807724	28.9036889417	0.210824246391	16.3982749686	0.119571273953	-0.00158345244104	0.000735852402224
(300<=boson_pt)	0.896729316598	0.00252259320831	35.9289227119	0.595679765912	16.7985538024	0.278127850789	0.00207542084468	0.00131028841348
