(0<=boson_pt&&boson_pt<20)	0.512189409532	0.00118920848601	12.3335872635	0.0034636296384	11.8538132644	0.0033288951603	0.000442469111428	0.00117932358905
(20<=boson_pt&&boson_pt<40)	0.70261790295	0.000460227833005	14.1863181028	0.00861924303165	12.600172755	0.00765554179945	0.000506963303174	0.000413770018419
(40<=boson_pt&&boson_pt<60)	0.710705283892	0.000809507357078	16.0117513138	0.0267934877037	13.0821467133	0.0218911929266	0.00117289248874	0.000667134171442
(60<=boson_pt&&boson_pt<80)	0.74022423959	0.00163189336801	18.3997063624	0.0777916662225	13.4823864084	0.0570018500682	0.00458877605899	0.00120430618764
(80<=boson_pt&&boson_pt<100)	0.787003633675	0.00280406502187	20.5039507384	0.173977110292	13.7478887948	0.116651566113	0.00737334305429	0.00188278318941
(100<=boson_pt&&boson_pt<120)	0.829091582942	0.00373062069731	21.6657267525	0.284218461682	14.1610475647	0.185769496709	0.00492479230075	0.00242601925997
(120<=boson_pt&&boson_pt<160)	0.853938630415	0.00369499180463	23.2901342138	0.354256304004	14.5167759762	0.220808491535	0.00243260182154	0.00232541326469
(160<=boson_pt&&boson_pt<200)	0.869744150663	0.00586646574234	26.3591718832	0.729840800432	15.2915901481	0.42339821763	0.00236022785698	0.00340189725425
(200<=boson_pt&&boson_pt<300)	0.885989551898	0.00678522373204	29.6285943442	1.11166049876	14.7796351578	0.554529735707	0.00595415314638	0.00343226106101
(300<=boson_pt)	0.909917899758	0.011322457624	40.791024412	2.91545399141	16.5770838599	1.18481273765	0.00550300495647	0.0044831981915
