(0<=boson_pt&&boson_pt<20)	0.917410218695	0.00862849286063	18.1909396413	0.0366834950754	17.8745726324	0.0360455155185	-0.00260429565068	0.00857931378261
(20<=boson_pt&&boson_pt<40)	1.01224481017	0.00100170052876	15.6333405137	0.020667354268	15.1077614698	0.019972536146	0.000816044034832	0.000973379373568
(40<=boson_pt&&boson_pt<60)	0.92066442564	0.000643798745673	16.0504213179	0.0220903953982	14.3894636931	0.0198043986667	0.000741076009264	0.000581903072806
(60<=boson_pt&&boson_pt<80)	0.900174423989	0.000704459876799	17.6674047851	0.0340674091905	14.4826272325	0.0279263193481	0.000835726161932	0.0005795329451
(80<=boson_pt&&boson_pt<100)	0.898869218919	0.00084465717563	18.972847501	0.0528619074706	14.7533374164	0.0411055619008	0.00114612658648	0.000658783065582
(100<=boson_pt&&boson_pt<120)	0.902056075619	0.00104757300656	20.3171224895	0.0803914885354	14.9471946775	0.0591429442741	0.00124036302228	0.000771344300933
(120<=boson_pt&&boson_pt<160)	0.909015396113	0.000990988506128	21.8500349628	0.0948012897352	14.9878006566	0.0650279432029	-5.521174434e-05	0.000681086486097
(160<=boson_pt&&boson_pt<200)	0.912406771239	0.00146835682436	24.464009945	0.183041517919	15.3661087328	0.114970353319	-0.000178971330291	0.000925059399948
(200<=boson_pt&&boson_pt<300)	0.917145222703	0.00162774497959	27.3422880054	0.268043536115	15.459128995	0.151555044753	-0.00181405093103	0.000930168322802
(300<=boson_pt)	0.921451316259	0.0029567141931	36.4990967347	0.760392188997	15.6349940017	0.325088526321	-0.000475230521328	0.00128266584594
