(0<=boson_pt&&boson_pt<20)	0.928537617528	0.00353363685452	18.1471438506	0.0168634964911	17.8487322539	0.0165861931889	0.00415356939277	0.00353056027682
(20<=boson_pt&&boson_pt<40)	0.979527959023	0.000470022717614	15.9278417971	0.0095870381346	15.3167435456	0.00921921874539	0.000107840076108	0.000455231544719
(40<=boson_pt&&boson_pt<60)	0.890205340718	0.000294270705604	16.4584001784	0.0101286854625	14.6260612369	0.00900101950837	-9.48537028169e-05	0.000263738776051
(60<=boson_pt&&boson_pt<80)	0.862344773675	0.000314972965518	18.387905797	0.0152661664561	15.0638420428	0.0125063989662	-0.00037256345965	0.000259336996901
(80<=boson_pt&&boson_pt<100)	0.859659123697	0.00038811552674	20.4275805162	0.0242764038755	15.5572393029	0.0184884266742	8.06671405179e-05	0.000296906793755
(100<=boson_pt&&boson_pt<120)	0.864778000365	0.000490652899945	22.1659118389	0.0375748475799	15.8127115566	0.0268045943554	0.000519405998117	0.000349873398023
(120<=boson_pt&&boson_pt<160)	0.874122231906	0.000480600050047	24.3039423153	0.0458395265166	15.9730241146	0.0301254505617	0.00072464225417	0.000316931329911
(160<=boson_pt&&boson_pt<200)	0.883528547406	0.000728406340264	26.9182258454	0.0894643832576	16.2774170359	0.0540876486493	0.00124825166227	0.00043624644737
(200<=boson_pt&&boson_pt<300)	0.893756905748	0.000845727509768	30.6439491723	0.134261310047	16.9779691796	0.0743319151548	0.000211588734727	0.000456504127843
(300<=boson_pt)	0.898778181271	0.00173887234066	40.621988121	0.410889466105	17.2060394672	0.173365549112	-0.000638123530838	0.000696420208368
