(0<=boson_pt&&boson_pt<20)	0.496485920485	0.00102948382229	11.7954788622	0.00333271950924	11.2584629814	0.00318098990813	-0.000333369954382	0.00102367396765
(20<=boson_pt&&boson_pt<40)	0.676932050516	0.00039948016828	14.1814907635	0.00754613504678	12.4570116516	0.00662851791488	-0.000269109042748	0.000354046112619
(40<=boson_pt&&boson_pt<60)	0.722507245861	0.000492008882207	15.9231793318	0.0164893841041	13.1924249545	0.0136615427791	0.00026096328775	0.000411008878014
(60<=boson_pt&&boson_pt<80)	0.712589452911	0.000782025671309	17.9970534695	0.0375209044309	13.9752620052	0.0291360022809	0.00148185171556	0.000611811396753
(80<=boson_pt&&boson_pt<100)	0.705444781712	0.00134275913041	21.0429995633	0.0837297336161	15.0324691425	0.0598139363691	-1.65308010804e-06	0.000963568782346
(100<=boson_pt&&boson_pt<120)	0.715545998663	0.00226185418696	24.5638961553	0.173893067585	15.4516701556	0.109385673416	-0.00183051792449	0.0014381652835
(120<=boson_pt&&boson_pt<160)	0.735583822726	0.00300544831887	29.8381399916	0.286060108824	16.170106436	0.155023818779	-0.00200655461538	0.00164582008192
(160<=boson_pt&&boson_pt<200)	0.757744317781	0.00631982745793	36.018105919	0.749402057167	15.5062646446	0.321654128413	-0.000187254472268	0.00260881856814
(200<=boson_pt&&boson_pt<300)	0.777031903509	0.0102686352149	41.6811196525	1.41150081794	16.5995870759	0.557045669002	0.000377914638286	0.00346271834952
(300<=boson_pt)	0.80048230218	0.0436326197893	40.3700807121	4.82514754283	16.7383659071	1.92002224918	-0.0059997040434	0.00799938012435
