(0<=boson_pt&&boson_pt<20)	0.900413475666	0.00317774779226	18.6781472847	0.0156773010602	18.3790174647	0.0154261101361	0.00241855954189	0.00317449408965
(20<=boson_pt&&boson_pt<40)	0.961215104523	0.000464484241953	17.0428590905	0.00945773479281	16.4116528899	0.00910747394684	0.00017905635003	0.000450115540634
(40<=boson_pt&&boson_pt<60)	0.887844551272	0.000290994488101	17.7385436842	0.0100095850438	16.1356451149	0.00910510874122	-6.25474017525e-05	0.0002667351351
(60<=boson_pt&&boson_pt<80)	0.866332289678	0.000298586639346	19.7249989237	0.0144246794731	17.0566746604	0.0124731225174	-0.000335943388823	0.000258395621038
(80<=boson_pt&&boson_pt<100)	0.865181206373	0.000345374757703	21.750678904	0.0215701798893	17.9554902748	0.0178061881088	0.000331073493426	0.000285838708602
(100<=boson_pt&&boson_pt<120)	0.870320592869	0.000408249348802	23.2219617131	0.0311506407101	18.2819741585	0.0245229773126	0.000363290059403	0.000320938441062
(120<=boson_pt&&boson_pt<160)	0.878487640813	0.00037168740347	25.0483400598	0.0352662723116	18.6396008924	0.0262409890545	0.000683350360044	0.000275621695225
(160<=boson_pt&&boson_pt<200)	0.886434826788	0.000517932699968	27.5299254223	0.0635055380525	19.0660840422	0.0439733455675	0.000596859258204	0.00035628413344
(200<=boson_pt&&boson_pt<300)	0.893899769728	0.000548077940704	31.0087702487	0.0878692838922	19.9681550735	0.056552263737	0.000502296534808	0.000346147977775
(300<=boson_pt)	0.896960046567	0.000971177441102	41.631795893	0.240105309774	21.3030129555	0.122491811561	0.000172698131129	0.000484983136681
