(0<=boson_pt&&boson_pt<20)	0.860812778848	0.0229345213097	23.6467213888	0.0922443811108	23.5693075125	0.0919423944214	0.005421389709	0.0229993891087
(20<=boson_pt&&boson_pt<40)	1.10104201849	0.00383399430048	21.9801327829	0.0784411122677	21.764746045	0.077672455615	-0.0040553654267	0.00380138320222
(40<=boson_pt&&boson_pt<60)	1.05638740035	0.00191735056631	21.3472263987	0.0665127920535	20.6531833727	0.0643503219226	0.00234125157781	0.00185777660469
(60<=boson_pt&&boson_pt<80)	1.02456659644	0.00155290574149	21.6671506842	0.0752757202543	20.6077404115	0.0715951314916	-0.00128231027683	0.0014772644327
(80<=boson_pt&&boson_pt<100)	1.00943578696	0.00166341720263	22.5463542418	0.10422206776	20.3172771518	0.0939180061352	0.00106593117043	0.00150186066355
(100<=boson_pt&&boson_pt<120)	1.00738445728	0.00191784546227	23.2383576805	0.147236668952	20.4069318782	0.129296945791	-0.000744427476504	0.00168336657815
(120<=boson_pt&&boson_pt<160)	1.00281986229	0.00172730978623	24.3073694292	0.165733731601	20.8924720661	0.142450106252	-0.000486465890663	0.00149142685327
(160<=boson_pt&&boson_pt<200)	1.00809530864	0.0025725111679	27.5532341658	0.320375145216	20.7058956988	0.240757738326	0.00408563271823	0.00193115397242
(200<=boson_pt&&boson_pt<300)	1.00585750737	0.0028471277772	29.5197488908	0.461094748036	20.6346000257	0.322248557852	-0.00411355447866	0.00197870495721
(300<=boson_pt)	1.00985231596	0.00452638947959	34.334530702	1.15790195273	21.4786209433	0.724347664691	0.00112279062798	0.00287415632772
