(0<=boson_pt&&boson_pt<20)	0.87987428541	0.0126904937175	22.4946329926	0.0525083107833	22.3199680602	0.0521004218328	0.0114149728632	0.0126779723632
(20<=boson_pt&&boson_pt<40)	1.06964837719	0.00192748041313	21.1152626883	0.0395554751463	20.9257422819	0.0392003246454	-0.00290487412233	0.00190826298207
(40<=boson_pt&&boson_pt<60)	1.01697219484	0.00121528177474	21.3854251738	0.0415914505859	20.5520873676	0.0399706169555	4.17248738877e-05	0.00116980564499
(60<=boson_pt&&boson_pt<80)	1.00046500506	0.00118593900145	22.1052519948	0.057391753087	20.804875141	0.0540162297228	0.00164463146865	0.00111789880121
(80<=boson_pt&&boson_pt<100)	0.999977522573	0.00132274873206	23.068624134	0.0828555138199	20.9466466831	0.0752340132487	-8.28839814516e-05	0.00120265523874
(100<=boson_pt&&boson_pt<120)	1.00287728436	0.00155070320185	24.0531892213	0.118954493455	21.415908201	0.105910843199	-1.14338902079e-05	0.00137851122877
(120<=boson_pt&&boson_pt<160)	0.999157347696	0.00140129053025	25.7659010418	0.134254821479	21.4327432172	0.111676634548	0.000969742435318	0.0011676316403
(160<=boson_pt&&boson_pt<200)	1.00318143902	0.00187782265338	27.42507497	0.23382778237	21.7871311895	0.185750845355	0.00289389000846	0.0014924235687
(200<=boson_pt&&boson_pt<300)	1.00334264427	0.00184774317514	29.7925592914	0.304980018606	22.2892342571	0.228157768162	-0.00134577806741	0.0013917079027
(300<=boson_pt)	1.00276970149	0.00336371615159	39.3505713804	0.824554869163	22.6383277555	0.473854323513	-0.00232761123398	0.00190199063967
