(0<=boson_pt&&boson_pt<20)	1.01976719288	0.00531058376698	25.8545054367	0.0275295420968	25.6938528479	0.0273583882493	0.00139946364122	0.0052783289176
(20<=boson_pt&&boson_pt<40)	1.0607111701	0.000838337875184	24.3663572931	0.0171726377408	24.1747716171	0.0170376396053	-0.000850482688129	0.000833096026787
(40<=boson_pt&&boson_pt<60)	0.990081885309	0.00052237103591	24.5429053659	0.0178476818646	23.8589137635	0.0173503543141	0.000267066450788	0.00050893222997
(60<=boson_pt&&boson_pt<80)	0.973397107114	0.000521624779065	25.5032161743	0.0251608175624	24.0935525504	0.023770033392	0.00140975624904	0.000493408539216
(80<=boson_pt&&boson_pt<100)	0.975168297738	0.0006065332264	26.7259817405	0.0378587644269	24.3937239285	0.0345545127176	0.000360635118274	0.000554354420093
(100<=boson_pt&&boson_pt<120)	0.982415602011	0.0007310224573	27.7939178483	0.0558586243619	24.5532518714	0.0493431286374	0.00130905302351	0.000643417355892
(120<=boson_pt&&boson_pt<160)	0.990954173574	0.000696196423794	29.3801354487	0.0661970014685	24.4335311096	0.0550477909289	0.000852326654308	0.000578715099016
(160<=boson_pt&&boson_pt<200)	0.997142519358	0.00101282895475	31.2517709103	0.124593125404	24.2017125883	0.0964694116952	0.000967495400081	0.000780044446193
(200<=boson_pt&&boson_pt<300)	0.999922608712	0.0011442483945	34.5392592787	0.181725177926	24.7671281081	0.130230708577	0.000792848640063	0.000805958541219
(300<=boson_pt)	1.0032345029	0.00218527076589	42.0941225355	0.509194816203	24.7691696202	0.298966694552	0.000864937781303	0.00119105016337
