(0<=boson_pt&&boson_pt<20)	0.667315185269	0.00184472312626	21.9164818658	0.00623601911928	21.8210280191	0.00620885910261	0.000300868258591	0.00184355737694
(20<=boson_pt&&boson_pt<40)	0.847411407915	0.000757088707119	22.4378098515	0.0139350124987	22.0375696003	0.0136864431	-0.000147028224417	0.000744799462846
(40<=boson_pt&&boson_pt<60)	0.851392527546	0.00128961167384	23.0467106022	0.0421115733565	22.4009364765	0.0409315973966	0.000504746515045	0.00125672260933
(60<=boson_pt&&boson_pt<80)	0.845355830709	0.00290045041407	24.1832009656	0.13645659179	22.6722780049	0.127931029025	-0.00324683139589	0.0027359301301
(80<=boson_pt&&boson_pt<100)	0.846617271092	0.00637102774929	25.20510433	0.389287250503	22.8435770166	0.352813984502	-0.00215815368044	0.00574723109863
(100<=boson_pt&&boson_pt<120)	0.865297896311	0.011698660146	27.9915767724	0.893876417326	22.5210333167	0.719181371572	0.0027467080833	0.00948546248617
(120<=boson_pt&&boson_pt<160)	0.927401643397	0.0171065575665	34.9609915559	1.63242100555	23.2582814845	1.08599057289	0.0116156359056	0.011542035402
(160<=boson_pt&&boson_pt<200)	0.975405461444	0.0247052966596	38.592024902	3.09611925549	22.9196606762	1.83877376036	0.0108495053447	0.0146490037692
(200<=boson_pt&&boson_pt<300)	0.960747727773	0.0305157937057	35.5924145823	4.86455774769	22.4258235332	3.06502705414	-0.0173545819196	0.0197907012333
(300<=boson_pt)	1.00525454479	0.0510940665309	27.9191278636	10.7661149469	20.5767230686	7.93475236294	0.0328025636706	0.0406556166363
