(0<=boson_pt&&boson_pt<20)	0.649383372927	0.000966549100122	22.6710467313	0.00359561316752	22.5450004368	0.00357562230775	-0.000865190471619	0.000965413419362
(20<=boson_pt&&boson_pt<40)	0.817706439205	0.000403933138718	23.3733767516	0.00741667983925	22.8615470526	0.00725426808359	-0.000745042323289	0.000395825867841
(40<=boson_pt&&boson_pt<60)	0.855575768467	0.00055747675576	24.6837670895	0.0184088739627	23.3095803555	0.0173840210586	-0.00030348668977	0.000528094169167
(60<=boson_pt&&boson_pt<80)	0.894179111649	0.000915735233056	27.1311750924	0.0436449811755	23.8519384095	0.0383694888845	-0.00105092662424	0.000807680713056
(80<=boson_pt&&boson_pt<100)	0.926697535709	0.00143223816796	30.0342026766	0.0888912732808	24.4116619659	0.0722497856993	0.000202326804544	0.0011656211332
(100<=boson_pt&&boson_pt<120)	0.950018145701	0.00203826664549	32.4986972639	0.156182379158	24.3817990962	0.117182274536	-0.000809582968291	0.00154101014174
(120<=boson_pt&&boson_pt<160)	0.960185300212	0.00234037337722	37.3387672372	0.22291106146	24.6791320139	0.147312507061	-0.00228257923189	0.00156269712008
(160<=boson_pt&&boson_pt<200)	0.95040342302	0.00432650399947	42.1158325475	0.497377130481	24.7143407965	0.290777074225	-0.00225462790306	0.00235154128447
(200<=boson_pt&&boson_pt<300)	0.95040933923	0.00610663659715	41.2832244728	0.749489965639	25.5684555819	0.458042494862	0.00450944469453	0.00284617568703
(300<=boson_pt)	0.935687208396	0.0222138505071	43.1841365729	2.69900853581	25.5670198434	1.55022828451	0.00233843964339	0.00655656318215
