(0<=boson_pt&&boson_pt<20)	1.00910907368	0.0104977428432	24.5323677106	0.0494714955821	24.334317912	0.0490721122103	-0.00483573833112	0.0104804866454
(20<=boson_pt&&boson_pt<40)	1.06764588148	0.00147116085505	23.0532902453	0.0304766042668	22.848854276	0.0302062995126	0.00100473154165	0.00145754359632
(40<=boson_pt&&boson_pt<60)	0.993701261137	0.00093252541137	23.1292030068	0.0318330110808	22.5291077279	0.0310070924507	0.000162202828772	0.000910687321164
(60<=boson_pt&&boson_pt<80)	0.983319020351	0.000959703208232	24.017121045	0.0463113343565	22.6503594685	0.0436758580962	0.000200994246655	0.000906353236039
(80<=boson_pt&&boson_pt<100)	0.98593254483	0.00110770651934	24.8558440424	0.0692530379429	22.6684452656	0.0631585351682	0.000473145104612	0.00101215934074
(100<=boson_pt&&boson_pt<120)	0.990828282006	0.00133382396797	25.8636079627	0.10233801288	22.5783248447	0.0893377410884	-0.000423864730083	0.00116487961445
(120<=boson_pt&&boson_pt<160)	0.996256782415	0.00123848846445	27.2591340853	0.118269882531	22.9047312386	0.0993773266799	0.00035410056403	0.00104405536881
(160<=boson_pt&&boson_pt<200)	0.99899451724	0.00175676050303	29.2036568639	0.218521654588	23.1669245875	0.173336630076	0.00025370659652	0.00139476442585
(200<=boson_pt&&boson_pt<300)	1.00153675769	0.00192421544312	31.9828222297	0.313611824835	23.3921407689	0.229327081899	0.0014373277517	0.00141287880876
(300<=boson_pt)	1.00563576697	0.00329051541667	39.3255052606	0.820046849579	23.3349143589	0.485188092811	0.000513851939864	0.00192669241022
