(0<=boson_pt&&boson_pt<20)	0.668080054307	0.00254397540882	19.6134223169	0.00828090466484	19.4779522116	0.00822370837299	-0.00348343824545	0.00254134704323
(20<=boson_pt&&boson_pt<40)	0.895892671288	0.000946704534024	20.2678654352	0.0177749673262	19.7674441215	0.0173360966159	0.000823863760312	0.000924704911788
(40<=boson_pt&&boson_pt<60)	0.92452506352	0.00122735909514	20.7143111662	0.0406482545001	19.7984367711	0.0388510093393	0.00312289564201	0.00117458899035
(60<=boson_pt&&boson_pt<80)	0.92843163693	0.002015589883	21.7219090821	0.0958019596103	20.2612127475	0.0893597279117	0.000644947385309	0.00187989503233
(80<=boson_pt&&boson_pt<100)	0.954636721429	0.00337880668953	23.0661865983	0.209492958363	20.2063606367	0.183519293469	0.00345466695269	0.00296521567566
(100<=boson_pt&&boson_pt<120)	0.970613436718	0.00514003017168	24.8835485617	0.392409606591	21.2526439903	0.335150818485	0.00672454844753	0.004373025929
(120<=boson_pt&&boson_pt<160)	0.988620705739	0.00575405703218	27.1880404065	0.548322526733	21.3054684338	0.429684085731	-0.00250247475205	0.00454471749097
(160<=boson_pt&&boson_pt<200)	0.999849553481	0.00949312474694	28.5170232639	1.16238072852	22.0845016309	0.900185087946	0.00865338179958	0.00729609138975
(200<=boson_pt&&boson_pt<300)	1.00279521722	0.0123728629129	26.5695633606	1.90302244534	22.5330517799	1.61391072624	-0.00397103750706	0.00987997215892
(300<=boson_pt)	0.962256522831	0.0295534350362	39.8595770106	7.03734707019	20.8078299405	3.6736948069	0.00109916382282	0.0156854881816
