(0<=boson_pt&&boson_pt<20)	0.875617421584	0.0215537544567	24.0913930141	0.0891085248389	24.0281222541	0.0888745008418	-0.0012847113511	0.0215708734289
(20<=boson_pt&&boson_pt<40)	1.09401135997	0.00368575627516	22.5590479746	0.0752987836284	22.3540557698	0.0746145498039	-0.00273494897193	0.00365937440733
(40<=boson_pt&&boson_pt<60)	1.05663002986	0.00187698285669	22.0233196041	0.0650961025606	21.2986187324	0.0629540457262	0.00210172095984	0.00181800072802
(60<=boson_pt&&boson_pt<80)	1.02544080426	0.00153242184199	22.5604094182	0.0743433328264	21.2843799357	0.0701384319865	-0.00112576670588	0.0014450919312
(80<=boson_pt&&boson_pt<100)	1.01244055961	0.00160547444737	23.3974169194	0.100607742519	21.1486792953	0.0909376011759	0.00100421976689	0.00145247636921
(100<=boson_pt&&boson_pt<120)	1.00866423151	0.00180905994412	24.2682579528	0.139074225381	21.2516257177	0.121786796174	-0.000304940248854	0.00158464579679
(120<=boson_pt&&boson_pt<160)	1.00717475088	0.00158924915169	25.5313181464	0.152571145514	21.9388132364	0.1311007106	0.00079915678389	0.0013680778053
(160<=boson_pt&&boson_pt<200)	1.01052543667	0.00216639358605	28.3664061988	0.270605477241	22.7449219311	0.216978506577	0.00356422394487	0.00173675817267
(200<=boson_pt&&boson_pt<300)	1.00698615439	0.00226675106991	31.3129729678	0.371374592448	22.8925700071	0.27145165637	-0.00198362942747	0.0016460528468
(300<=boson_pt)	1.00701228752	0.00325691870932	36.8803214385	0.828890124694	24.7173313608	0.554972264119	0.000700979907934	0.00212471175934
