(0<=boson_pt&&boson_pt<20)	1.04212376238	0.0107459621521	25.1881557527	0.0514307217508	24.9869759344	0.0510199404551	-0.0137058760876	0.0106675285754
(20<=boson_pt&&boson_pt<40)	1.10482397516	0.00150204611656	23.7355742939	0.0311543208117	23.4902115244	0.0308322679158	0.000711676520058	0.0014867250093
(40<=boson_pt&&boson_pt<60)	1.01389394878	0.000958426774903	24.0105445164	0.0327157176301	23.10273949	0.0314787822125	0.000246559594784	0.000923896617288
(60<=boson_pt&&boson_pt<80)	0.993401203443	0.000985652033696	24.9536419461	0.0474952654578	23.156204059	0.0440741299869	0.000470718712301	0.000915427079573
(80<=boson_pt&&boson_pt<100)	0.993472643385	0.0011436543334	25.96911582	0.0714606988479	23.4283751187	0.0644691975829	-0.00166257698021	0.00103311061331
(100<=boson_pt&&boson_pt<120)	0.995210019759	0.0013799735545	27.1130194167	0.105965179812	23.3716741384	0.091342967544	-0.0014510231682	0.00119084727089
(120<=boson_pt&&boson_pt<160)	0.997894441099	0.00129673788862	28.8415185051	0.123982904669	23.5981954209	0.101441779494	-0.000533935237766	0.00106268832067
(160<=boson_pt&&boson_pt<200)	1.00247577434	0.00189445657384	30.8466993988	0.235512473893	23.6073044309	0.180240180532	-0.000577091326023	0.00145217994817
(200<=boson_pt&&boson_pt<300)	1.0039779507	0.00196512737978	33.6907608041	0.321538566241	23.6862601802	0.226057410287	0.00323217694556	0.00138952604253
(300<=boson_pt)	1.00359442156	0.00347188639654	42.4888717798	0.895906572106	24.5095721487	0.517209670018	-0.00162030789254	0.002070572277
