(0<=boson_pt&&boson_pt<20)	0.873437517217	0.0191731992983	24.8877560167	0.0798370131424	24.858246659	0.0797418634602	-0.0196651744414	0.0190703469813
(20<=boson_pt&&boson_pt<40)	1.08820322064	0.00337332881943	23.0492621376	0.0686610305721	22.728579691	0.0677052612947	-0.000504347134068	0.00332213229075
(40<=boson_pt&&boson_pt<60)	1.05199819078	0.00173082910595	22.506692062	0.0599310586162	21.6439713605	0.0576334915525	-0.00401600551541	0.00166711130073
(60<=boson_pt&&boson_pt<80)	1.01636203265	0.0013939196951	22.6910957784	0.0676978020259	21.2747864708	0.0634732996921	0.0016835361813	0.00130978254059
(80<=boson_pt&&boson_pt<100)	1.0050002233	0.00144803878623	23.6446603324	0.0908005432914	21.3340885313	0.0819274543187	-0.00087813846486	0.00130823571603
(100<=boson_pt&&boson_pt<120)	1.00689967949	0.00165512389199	24.5193265227	0.12692004275	21.7312204623	0.112484450615	-0.000947281633879	0.00146343307548
(120<=boson_pt&&boson_pt<160)	1.00012125212	0.0014751834511	26.3332602167	0.141350786964	21.723835085	0.116608470044	0.00134011531129	0.00121856098341
(160<=boson_pt&&boson_pt<200)	1.0039787841	0.00197227265661	28.2630108038	0.245966061507	22.058237628	0.191959377948	0.00261689632877	0.00154189753227
(200<=boson_pt&&boson_pt<300)	1.00385446498	0.00192122669325	30.7730081019	0.317704739222	22.6773111663	0.23411077647	-0.00155093533968	0.0014286887753
(300<=boson_pt)	1.00345464295	0.0034658388793	40.5159213281	0.854131757182	23.1209766727	0.48672994716	-0.0026367163692	0.00195341107334
