(0<=boson_pt&&boson_pt<20)	1.00882472994	0.00979876490034	25.2194921756	0.0479466987669	25.0138525027	0.0475557415112	-0.0185993114618	0.00975163001801
(20<=boson_pt&&boson_pt<40)	1.0899929646	0.00144376022307	24.0054459263	0.0298396539159	23.7506199433	0.0295228958283	0.00136063552572	0.00142822343005
(40<=boson_pt&&boson_pt<60)	1.01340609092	0.000911805991501	24.272414334	0.0311870149345	23.425624099	0.0300990529124	-0.000238088096623	0.000881848858495
(60<=boson_pt&&boson_pt<80)	0.996613342297	0.000907149189781	25.2244917739	0.0438309768866	23.6376894432	0.0410736925417	-0.000134986412859	0.000850783221285
(80<=boson_pt&&boson_pt<100)	0.9951065084	0.00100539310579	26.2065521166	0.0629238959755	24.0305967977	0.0576992641535	-0.000885512407914	0.000922394719459
(100<=boson_pt&&boson_pt<120)	0.996906411188	0.00117001132999	27.3345593861	0.0899062907942	24.042973361	0.0790799121369	-0.000420826012536	0.00102921787266
(120<=boson_pt&&boson_pt<160)	1.00003302408	0.00103200202679	28.8182327237	0.0990498969357	24.422913974	0.0839416449307	-0.000698042544776	0.000876570797805
(160<=boson_pt&&boson_pt<200)	1.00232811719	0.00140579702399	30.8429096588	0.175275281276	24.9087369627	0.141552334902	-0.00234880538268	0.00113685301861
(200<=boson_pt&&boson_pt<300)	1.00180114113	0.00139574272988	33.8465162476	0.22959758516	25.3226502095	0.171796741351	0.00293849811062	0.00104747291698
(300<=boson_pt)	1.00277164664	0.00212941657989	41.1692454181	0.552204972216	26.471630277	0.355198429693	-0.000227564996178	0.00138869978713
