(0<=boson_pt&&boson_pt<20)	0.693894328603	0.00282120164679	19.7451507296	0.00920671730825	19.5923470633	0.00913546841381	0.00218586066038	0.00281206826213
(20<=boson_pt&&boson_pt<40)	0.924437000652	0.00105257341332	20.4705893328	0.0197732743784	19.9508961046	0.0192712841022	0.000253162445079	0.00102626655578
(40<=boson_pt&&boson_pt<60)	0.941491507703	0.00135797550553	20.9463022732	0.0450278132407	20.2055247906	0.0434353798984	0.00165589484837	0.00131249259196
(60<=boson_pt&&boson_pt<80)	0.944630213966	0.00225032054888	21.9532114286	0.106972957231	20.2472014477	0.098659962419	-0.00659867118453	0.00207907193936
(80<=boson_pt&&boson_pt<100)	0.954856626731	0.0037847960311	23.4007918691	0.23488252644	20.5331311744	0.206098740288	0.00210811662846	0.00333155108069
(100<=boson_pt&&boson_pt<120)	0.989451271079	0.00600757127796	25.0705869733	0.458591641743	20.8224932685	0.380885432932	0.00332750523507	0.00502115360126
(120<=boson_pt&&boson_pt<160)	0.986831083058	0.00666231978282	27.6523279933	0.62909241609	20.9192694863	0.475914859219	-0.00536877322882	0.00504628839959
(160<=boson_pt&&boson_pt<200)	1.00518227418	0.0105433416454	26.9184948944	1.31158051321	20.0726616518	0.978023176035	0.00634650324091	0.00787569412717
(200<=boson_pt&&boson_pt<300)	0.997513803063	0.0170443982202	33.9081700691	2.69971043538	19.7491588992	1.57239421241	0.0182317390133	0.0100888480211
(300<=boson_pt)	1.01273557209	0.0188205287214	22.5605430118	4.65386377694	11.1768890203	2.30560580582	-0.0164018842675	0.00864041161432
