(0<=boson_pt&&boson_pt<20)	0.665256679366	0.00258170128671	19.7584898451	0.00840165185057	19.6264052074	0.00834548717655	-0.00524315393866	0.00257875205813
(20<=boson_pt&&boson_pt<40)	0.863218464716	0.00103513838652	20.4330690917	0.0190963463213	19.9454134318	0.0186405928892	0.00192351821272	0.00101266949126
(40<=boson_pt&&boson_pt<60)	0.872842504349	0.00175584938003	21.1605545503	0.057431406075	20.2927612912	0.0550761470514	0.00132317042379	0.00168709525205
(60<=boson_pt&&boson_pt<80)	0.864292937582	0.00384764636845	22.4598986905	0.180705382377	20.7138400949	0.166657136189	-0.00138817573686	0.00355460633444
(80<=boson_pt&&boson_pt<100)	0.866970359641	0.00848998948979	25.382702551	0.52281048015	21.2896894498	0.438506212691	2.46701904264e-05	0.00713505172088
(100<=boson_pt&&boson_pt<120)	0.935988378999	0.0165618488004	26.6265044575	1.25266995015	22.6748672301	1.06676131101	0.00703967819785	0.0139706904653
(120<=boson_pt&&boson_pt<160)	0.932431475378	0.0199458157678	34.1488659576	1.86439592882	21.2626867769	1.16086041368	0.00401918919896	0.0123278553817
(160<=boson_pt&&boson_pt<200)	1.00597339198	0.0486382775871	43.4531522616	6.29638697759	19.9314721304	2.88808187748	-0.0126168422114	0.0225868444187
(200<=boson_pt&&boson_pt<300)	0.991888020783	0.0299763579488	25.8817906545	4.25120361081	19.8455518306	3.25972351477	-0.00288536085377	0.0202342863988
(300<=boson_pt)	0.905955345577	0.0453025069121	16.9256035848	8.05913625641	12.0683178194	5.74633673801	-0.029728664518	0.0245763087403
