(0<=boson_pt&&boson_pt<20)	0.669160697521	0.00185032950562	22.4242602857	0.00632285191483	22.316522841	0.00629247374849	-3.00063134949e-05	0.00184874607539
(20<=boson_pt&&boson_pt<40)	0.85744355629	0.000767529966501	23.0177433211	0.0141409518387	22.5107936228	0.0138295072645	-0.000524847959158	0.000752313890522
(40<=boson_pt&&boson_pt<60)	0.884631214195	0.0012811509035	23.9832313038	0.0420981780774	22.8290447444	0.0400722145741	-0.00105329035585	0.00122363005498
(60<=boson_pt&&boson_pt<80)	0.934601648209	0.00233427894555	25.8150863496	0.111193422966	23.1401089364	0.0996714822333	-0.00287206611151	0.00209956184819
(80<=boson_pt&&boson_pt<100)	0.969490801124	0.00331076169859	26.5664015672	0.205697630376	23.9303711407	0.185287443811	-0.00314022070876	0.00298331651732
(100<=boson_pt&&boson_pt<120)	0.984274282474	0.00461332982892	27.7213604763	0.352427020499	23.2269833931	0.295289134868	0.00498799785966	0.00385850132105
(120<=boson_pt&&boson_pt<160)	0.988526423024	0.00477479366952	29.1257156136	0.455594474389	23.9302846467	0.374325753923	0.00140645761757	0.00395133037306
(160<=boson_pt&&boson_pt<200)	0.977986627407	0.00792626405881	32.9741384246	0.977402090075	23.3755926065	0.69288703699	-0.00128343633744	0.00566192268527
(200<=boson_pt&&boson_pt<300)	0.983873061236	0.010344852489	33.912274944	1.68020001046	24.7783901813	1.22765728665	-0.00255889668973	0.00772965729492
(300<=boson_pt)	1.00101218463	0.0479170328214	36.8452802559	9.42360443165	28.8223461185	7.37164670011	0.0236811876746	0.0308114873012
